s	mu	alpha	lambda	MAP
0.1	500	0.1	0.1	0.471554
0.1	1000	0.1	0.1	0.403147
0.1	2000	0.1	0.1	0.405793
0.1	5000	0.1	0.1	0.388164
0.15	500	0.1	0.1	0.384355
0.15	1000	0.1	0.1	0.406516
0.15	2000	0.1	0.1	0.40948
0.15	5000	0.1	0.1	0.391603
0.2	500	0.1	0.1	0.386518
0.2	1000	0.1	0.1	0.408933
0.2	2000	0.1	0.1	0.412829
0.2	5000	0.1	0.1	0.393463
0.25	500	0.1	0.1	0.388935
0.25	1000	0.1	0.1	0.41324
0.25	2000	0.1	0.1	0.416726
0.25	5000	0.1	0.1	0.395465
0.3	500	0.1	0.1	0.396458
0.3	1000	0.1	0.1	0.415517
0.3	2000	0.1	0.1	0.419334
0.3	5000	0.1	0.1	0.397795
0.35	500	0.1	0.1	0.39862
0.35	1000	0.1	0.1	0.418104
0.35	2000	0.1	0.1	0.421066
0.35	5000	0.1	0.1	0.401094
0.4	500	0.1	0.1	0.400951
0.4	1000	0.1	0.1	0.420879
0.4	2000	0.1	0.1	0.422278
0.4	5000	0.1	0.1	0.402774
0.1	500	0.1	0.2	0.389269
0.1	1000	0.1	0.2	0.415502
0.1	2000	0.1	0.2	0.418332
0.1	5000	0.1	0.2	0.399399
0.15	500	0.1	0.2	0.400552
0.15	1000	0.1	0.2	0.423225
0.15	2000	0.1	0.2	0.426163
0.15	5000	0.1	0.2	0.405996
0.2	500	0.1	0.2	0.41189
0.2	1000	0.1	0.2	0.42738
0.2	2000	0.1	0.2	0.43072
0.2	5000	0.1	0.2	0.413705
0.25	500	0.1	0.2	0.418002
0.25	1000	0.1	0.2	0.437914
0.25	2000	0.1	0.2	0.43734
0.25	5000	0.1	0.2	0.424113
0.3	500	0.1	0.2	0.424154
0.3	1000	0.1	0.2	0.445203
0.3	2000	0.1	0.2	0.449212
0.3	5000	0.1	0.2	0.427821
0.35	500	0.1	0.2	0.429804
0.35	1000	0.1	0.2	0.453706
0.35	2000	0.1	0.2	0.458611
0.35	5000	0.1	0.2	0.429802
0.4	500	0.1	0.2	0.435603
0.4	1000	0.1	0.2	0.460412
0.4	2000	0.1	0.2	0.46341
0.4	5000	0.1	0.2	0.430945
0.1	500	0.1	0.3	0.409687
0.1	1000	0.1	0.3	0.430657
0.1	2000	0.1	0.3	0.436202
0.1	5000	0.1	0.3	0.415718
0.15	500	0.1	0.3	0.420909
0.15	1000	0.1	0.3	0.442567
0.15	2000	0.1	0.3	0.445839
0.15	5000	0.1	0.3	0.423669
0.2	500	0.1	0.3	0.429621
0.2	1000	0.1	0.3	0.453191
0.2	2000	0.1	0.3	0.456041
0.2	5000	0.1	0.3	0.431398
0.25	500	0.1	0.3	0.439162
0.25	1000	0.1	0.3	0.465157
0.25	2000	0.1	0.3	0.468994
0.25	5000	0.1	0.3	0.435142
0.3	500	0.1	0.3	0.450321
0.3	1000	0.1	0.3	0.474235
0.3	2000	0.1	0.3	0.479298
0.3	5000	0.1	0.3	0.440429
0.35	500	0.1	0.3	0.458234
0.35	1000	0.1	0.3	0.483194
0.35	2000	0.1	0.3	0.487817
0.35	5000	0.1	0.3	0.445138
0.4	500	0.1	0.3	0.46857
0.4	1000	0.1	0.3	0.497925
0.4	2000	0.1	0.3	0.495358
0.4	5000	0.1	0.3	0.450025
0.1	500	0.1	0.4	0.419187
0.1	1000	0.1	0.4	0.4414
0.1	2000	0.1	0.4	0.446633
0.1	5000	0.1	0.4	0.424949
0.15	500	0.1	0.4	0.435536
0.15	1000	0.1	0.4	0.459148
0.15	2000	0.1	0.4	0.459749
0.15	5000	0.1	0.4	0.433745
0.2	500	0.1	0.4	0.450817
0.2	1000	0.1	0.4	0.473887
0.2	2000	0.1	0.4	0.476619
0.2	5000	0.1	0.4	0.438533
0.25	500	0.1	0.4	0.463025
0.25	1000	0.1	0.4	0.48784
0.25	2000	0.1	0.4	0.490876
0.25	5000	0.1	0.4	0.448541
0.3	500	0.1	0.4	0.476642
0.3	1000	0.1	0.4	0.505021
0.3	2000	0.1	0.4	0.502241
0.3	5000	0.1	0.4	0.454312
0.35	500	0.1	0.4	0.488855
0.35	1000	0.1	0.4	0.51674
0.35	2000	0.1	0.4	0.510402
0.35	5000	0.1	0.4	0.457179
0.4	500	0.1	0.4	0.505399
0.4	1000	0.1	0.4	0.529773
0.4	2000	0.1	0.4	0.5196
0.4	5000	0.1	0.4	0.460239
0.1	500	0.1	0.5	0.428644
0.1	1000	0.1	0.5	0.451403
0.1	2000	0.1	0.5	0.455721
0.1	5000	0.1	0.5	0.431362
0.15	500	0.1	0.5	0.451387
0.15	1000	0.1	0.5	0.476049
0.15	2000	0.1	0.5	0.478647
0.15	5000	0.1	0.5	0.440447
0.2	500	0.1	0.5	0.466892
0.2	1000	0.1	0.5	0.49249
0.2	2000	0.1	0.5	0.4942
0.2	5000	0.1	0.5	0.449397
0.25	500	0.1	0.5	0.484296
0.25	1000	0.1	0.5	0.511611
0.25	2000	0.1	0.5	0.506577
0.25	5000	0.1	0.5	0.454927
0.3	500	0.1	0.5	0.498535
0.3	1000	0.1	0.5	0.526159
0.3	2000	0.1	0.5	0.517698
0.3	5000	0.1	0.5	0.459157
0.35	500	0.1	0.5	0.517306
0.35	1000	0.1	0.5	0.5377
0.35	2000	0.1	0.5	0.526635
0.35	5000	0.1	0.5	0.463773
0.4	500	0.1	0.5	0.528835
0.4	1000	0.1	0.5	0.549911
0.4	2000	0.1	0.5	0.5324
0.4	5000	0.1	0.5	0.462256
0.1	500	0.1	0.6	0.442016
0.1	1000	0.1	0.6	0.467084
0.1	2000	0.1	0.6	0.466775
0.1	5000	0.1	0.6	0.436585
0.15	500	0.1	0.6	0.46266
0.15	1000	0.1	0.6	0.488251
0.15	2000	0.1	0.6	0.490276
0.15	5000	0.1	0.6	0.446382
0.2	500	0.1	0.6	0.483386
0.2	1000	0.1	0.6	0.51277
0.2	2000	0.1	0.6	0.50579
0.2	5000	0.1	0.6	0.454557
0.25	500	0.1	0.6	0.50607
0.25	1000	0.1	0.6	0.527865
0.25	2000	0.1	0.6	0.518739
0.25	5000	0.1	0.6	0.460592
0.3	500	0.1	0.6	0.522544
0.3	1000	0.1	0.6	0.543375
0.3	2000	0.1	0.6	0.527069
0.3	5000	0.1	0.6	0.464252
0.35	500	0.1	0.6	0.53622
0.35	1000	0.1	0.6	0.557212
0.35	2000	0.1	0.6	0.53668
0.35	5000	0.1	0.6	0.464471
0.4	500	0.1	0.6	0.550189
0.4	1000	0.1	0.6	0.571875
0.4	2000	0.1	0.6	0.5475
0.4	5000	0.1	0.6	0.461125
0.1	500	0.1	0.7	0.450647
0.1	1000	0.1	0.7	0.475359
0.1	2000	0.1	0.7	0.478055
0.1	5000	0.1	0.7	0.440354
0.15	500	0.1	0.7	0.473534
0.15	1000	0.1	0.7	0.502804
0.15	2000	0.1	0.7	0.499086
0.15	5000	0.1	0.7	0.452041
0.2	500	0.1	0.7	0.496296
0.2	1000	0.1	0.7	0.523732
0.2	2000	0.1	0.7	0.515594
0.2	5000	0.1	0.7	0.460074
0.25	500	0.1	0.7	0.522659
0.25	1000	0.1	0.7	0.5437
0.25	2000	0.1	0.7	0.526494
0.25	5000	0.1	0.7	0.4636
0.3	500	0.1	0.7	0.53915
0.3	1000	0.1	0.7	0.559113
0.3	2000	0.1	0.7	0.536657
0.3	5000	0.1	0.7	0.465074
0.35	500	0.1	0.7	0.554267
0.35	1000	0.1	0.7	0.573313
0.35	2000	0.1	0.7	0.547095
0.35	5000	0.1	0.7	0.462347
0.4	500	0.1	0.7	0.570253
0.4	1000	0.1	0.7	0.58167
0.4	2000	0.1	0.7	0.552503
0.4	5000	0.1	0.7	0.457002
0.1	500	0.1	0.8	0.458465
0.1	1000	0.1	0.8	0.48287
0.1	2000	0.1	0.8	0.484407
0.1	5000	0.1	0.8	0.445376
0.15	500	0.1	0.8	0.486471
0.15	1000	0.1	0.8	0.51394
0.15	2000	0.1	0.8	0.507443
0.15	5000	0.1	0.8	0.454697
0.2	500	0.1	0.8	0.516458
0.2	1000	0.1	0.8	0.536899
0.2	2000	0.1	0.8	0.523426
0.2	5000	0.1	0.8	0.460934
0.25	500	0.1	0.8	0.536242
0.25	1000	0.1	0.8	0.553966
0.25	2000	0.1	0.8	0.53469
0.25	5000	0.1	0.8	0.464707
0.3	500	0.1	0.8	0.55428
0.3	1000	0.1	0.8	0.572335
0.3	2000	0.1	0.8	0.546153
0.3	5000	0.1	0.8	0.461998
0.35	500	0.1	0.8	0.571687
0.35	1000	0.1	0.8	0.582131
0.35	2000	0.1	0.8	0.556126
0.35	5000	0.1	0.8	0.45701
0.4	500	0.1	0.8	0.587567
0.4	1000	0.1	0.8	0.593341
0.4	2000	0.1	0.8	0.562105
0.4	5000	0.1	0.8	0.452224
0.1	500	0.1	0.9	0.464281
0.1	1000	0.1	0.9	0.490249
0.1	2000	0.1	0.9	0.491584
0.1	5000	0.1	0.9	0.447367
0.15	500	0.1	0.9	0.495728
0.15	1000	0.1	0.9	0.523052
0.15	2000	0.1	0.9	0.514535
0.15	5000	0.1	0.9	0.458491
0.2	500	0.1	0.9	0.528596
0.2	1000	0.1	0.9	0.547298
0.2	2000	0.1	0.9	0.527789
0.2	5000	0.1	0.9	0.464384
0.25	500	0.1	0.9	0.550037
0.25	1000	0.1	0.9	0.568341
0.25	2000	0.1	0.9	0.544486
0.25	5000	0.1	0.9	0.464727
0.3	500	0.1	0.9	0.568388
0.3	1000	0.1	0.9	0.580652
0.3	2000	0.1	0.9	0.553998
0.3	5000	0.1	0.9	0.458763
0.35	500	0.1	0.9	0.586966
0.35	1000	0.1	0.9	0.592921
0.35	2000	0.1	0.9	0.561487
0.35	5000	0.1	0.9	0.451367
0.4	500	0.1	0.9	0.60288
0.4	1000	0.1	0.9	0.602171
0.4	2000	0.1	0.9	0.557835
0.4	5000	0.1	0.9	0.445142
0.1	500	0.2	0.1	0.408482
0.1	1000	0.2	0.1	0.426239
0.1	2000	0.2	0.1	0.432044
0.1	5000	0.2	0.1	0.424002
0.15	500	0.2	0.1	0.411784
0.15	1000	0.2	0.1	0.430495
0.15	2000	0.2	0.1	0.434331
0.15	5000	0.2	0.1	0.427816
0.2	500	0.2	0.1	0.414857
0.2	1000	0.2	0.1	0.433117
0.2	2000	0.2	0.1	0.438717
0.2	5000	0.2	0.1	0.430686
0.25	500	0.2	0.1	0.422792
0.25	1000	0.2	0.1	0.43565
0.25	2000	0.2	0.1	0.442296
0.25	5000	0.2	0.1	0.433389
0.3	500	0.2	0.1	0.425793
0.3	1000	0.2	0.1	0.438372
0.3	2000	0.2	0.1	0.444167
0.3	5000	0.2	0.1	0.435417
0.35	500	0.2	0.1	0.428937
0.35	1000	0.2	0.1	0.441044
0.35	2000	0.2	0.1	0.446616
0.35	5000	0.2	0.1	0.441714
0.4	500	0.2	0.1	0.430867
0.4	1000	0.2	0.1	0.448943
0.4	2000	0.2	0.1	0.449201
0.4	5000	0.2	0.1	0.445555
0.1	500	0.2	0.2	0.422542
0.1	1000	0.2	0.2	0.441904
0.1	2000	0.2	0.2	0.446794
0.1	5000	0.2	0.2	0.439153
0.15	500	0.2	0.2	0.429499
0.15	1000	0.2	0.2	0.448357
0.15	2000	0.2	0.2	0.45398
0.15	5000	0.2	0.2	0.446431
0.2	500	0.2	0.2	0.43501
0.2	1000	0.2	0.2	0.454616
0.2	2000	0.2	0.2	0.46489
0.2	5000	0.2	0.2	0.451638
0.25	500	0.2	0.2	0.439755
0.25	1000	0.2	0.2	0.462416
0.25	2000	0.2	0.2	0.471912
0.25	5000	0.2	0.2	0.459254
0.3	500	0.2	0.2	0.446784
0.3	1000	0.2	0.2	0.470789
0.3	2000	0.2	0.2	0.476918
0.3	5000	0.2	0.2	0.463645
0.35	500	0.2	0.2	0.451595
0.35	1000	0.2	0.2	0.475623
0.35	2000	0.2	0.2	0.481276
0.35	5000	0.2	0.2	0.467047
0.4	500	0.2	0.2	0.456919
0.4	1000	0.2	0.2	0.479792
0.4	2000	0.2	0.2	0.486066
0.4	5000	0.2	0.2	0.47146
0.1	500	0.2	0.3	0.43222
0.1	1000	0.2	0.3	0.450995
0.1	2000	0.2	0.3	0.459901
0.1	5000	0.2	0.3	0.449304
0.15	500	0.2	0.3	0.441423
0.15	1000	0.2	0.3	0.46357
0.15	2000	0.2	0.3	0.472305
0.15	5000	0.2	0.3	0.460408
0.2	500	0.2	0.3	0.451351
0.2	1000	0.2	0.3	0.476646
0.2	2000	0.2	0.3	0.481098
0.2	5000	0.2	0.3	0.467295
0.25	500	0.2	0.3	0.459359
0.25	1000	0.2	0.3	0.48359
0.25	2000	0.2	0.3	0.488581
0.25	5000	0.2	0.3	0.474265
0.3	500	0.2	0.3	0.469968
0.3	1000	0.2	0.3	0.495251
0.3	2000	0.2	0.3	0.49669
0.3	5000	0.2	0.3	0.477615
0.35	500	0.2	0.3	0.480979
0.35	1000	0.2	0.3	0.50618
0.35	2000	0.2	0.3	0.504729
0.35	5000	0.2	0.3	0.482224
0.4	500	0.2	0.3	0.489391
0.4	1000	0.2	0.3	0.516014
0.4	2000	0.2	0.3	0.516977
0.4	5000	0.2	0.3	0.485513
0.1	500	0.2	0.4	0.441019
0.1	1000	0.2	0.4	0.461891
0.1	2000	0.2	0.4	0.470198
0.1	5000	0.2	0.4	0.455908
0.15	500	0.2	0.4	0.454622
0.15	1000	0.2	0.4	0.478631
0.15	2000	0.2	0.4	0.482762
0.15	5000	0.2	0.4	0.4681
0.2	500	0.2	0.4	0.469866
0.2	1000	0.2	0.4	0.495743
0.2	2000	0.2	0.4	0.496768
0.2	5000	0.2	0.4	0.478507
0.25	500	0.2	0.4	0.486433
0.25	1000	0.2	0.4	0.51355
0.25	2000	0.2	0.4	0.510549
0.25	5000	0.2	0.4	0.482878
0.3	500	0.2	0.4	0.498522
0.3	1000	0.2	0.4	0.524405
0.3	2000	0.2	0.4	0.52434
0.3	5000	0.2	0.4	0.491364
0.35	500	0.2	0.4	0.515156
0.35	1000	0.2	0.4	0.534552
0.35	2000	0.2	0.4	0.53432
0.35	5000	0.2	0.4	0.495559
0.4	500	0.2	0.4	0.524754
0.4	1000	0.2	0.4	0.544619
0.4	2000	0.2	0.4	0.53909
0.4	5000	0.2	0.4	0.497143
0.1	500	0.2	0.5	0.450829
0.1	1000	0.2	0.5	0.475036
0.1	2000	0.2	0.5	0.480326
0.1	5000	0.2	0.5	0.46671
0.15	500	0.2	0.5	0.469924
0.15	1000	0.2	0.5	0.491859
0.15	2000	0.2	0.5	0.49689
0.15	5000	0.2	0.5	0.478901
0.2	500	0.2	0.5	0.489197
0.2	1000	0.2	0.5	0.516176
0.2	2000	0.2	0.5	0.512382
0.2	5000	0.2	0.5	0.484219
0.25	500	0.2	0.5	0.509181
0.25	1000	0.2	0.5	0.529211
0.25	2000	0.2	0.5	0.529083
0.25	5000	0.2	0.5	0.493363
0.3	500	0.2	0.5	0.522593
0.3	1000	0.2	0.5	0.542294
0.3	2000	0.2	0.5	0.537519
0.3	5000	0.2	0.5	0.497149
0.35	500	0.2	0.5	0.534798
0.35	1000	0.2	0.5	0.552918
0.35	2000	0.2	0.5	0.544825
0.35	5000	0.2	0.5	0.500979
0.4	500	0.2	0.5	0.547034
0.4	1000	0.2	0.5	0.566123
0.4	2000	0.2	0.5	0.557745
0.4	5000	0.2	0.5	0.504852
0.1	500	0.2	0.6	0.459727
0.1	1000	0.2	0.6	0.484803
0.1	2000	0.2	0.6	0.488695
0.1	5000	0.2	0.6	0.472078
0.15	500	0.2	0.6	0.483899
0.15	1000	0.2	0.6	0.508534
0.15	2000	0.2	0.6	0.50706
0.15	5000	0.2	0.6	0.482268
0.2	500	0.2	0.6	0.507814
0.2	1000	0.2	0.6	0.527339
0.2	2000	0.2	0.6	0.52779
0.2	5000	0.2	0.6	0.49147
0.25	500	0.2	0.6	0.524527
0.25	1000	0.2	0.6	0.543261
0.25	2000	0.2	0.6	0.537853
0.25	5000	0.2	0.6	0.49669
0.3	500	0.2	0.6	0.539437
0.3	1000	0.2	0.6	0.557164
0.3	2000	0.2	0.6	0.548351
0.3	5000	0.2	0.6	0.502933
0.35	500	0.2	0.6	0.553407
0.35	1000	0.2	0.6	0.57277
0.35	2000	0.2	0.6	0.561479
0.35	5000	0.2	0.6	0.503381
0.4	500	0.2	0.6	0.568695
0.4	1000	0.2	0.6	0.581667
0.4	2000	0.2	0.6	0.56563
0.4	5000	0.2	0.6	0.507137
0.1	500	0.2	0.7	0.468542
0.1	1000	0.2	0.7	0.490736
0.1	2000	0.2	0.7	0.49537
0.1	5000	0.2	0.7	0.477728
0.15	500	0.2	0.7	0.49662
0.15	1000	0.2	0.7	0.522366
0.15	2000	0.2	0.7	0.520546
0.15	5000	0.2	0.7	0.488158
0.2	500	0.2	0.7	0.521624
0.2	1000	0.2	0.7	0.539566
0.2	2000	0.2	0.7	0.537543
0.2	5000	0.2	0.7	0.49654
0.25	500	0.2	0.7	0.537826
0.25	1000	0.2	0.7	0.556389
0.25	2000	0.2	0.7	0.547574
0.25	5000	0.2	0.7	0.503014
0.3	500	0.2	0.7	0.556252
0.3	1000	0.2	0.7	0.573121
0.3	2000	0.2	0.7	0.560312
0.3	5000	0.2	0.7	0.506553
0.35	500	0.2	0.7	0.571427
0.35	1000	0.2	0.7	0.583535
0.35	2000	0.2	0.7	0.573343
0.35	5000	0.2	0.7	0.506616
0.4	500	0.2	0.7	0.586265
0.4	1000	0.2	0.7	0.5954
0.4	2000	0.2	0.7	0.577029
0.4	5000	0.2	0.7	0.502311
0.1	500	0.2	0.8	0.475903
0.1	1000	0.2	0.8	0.502065
0.1	2000	0.2	0.8	0.500637
0.1	5000	0.2	0.8	0.48034
0.15	500	0.2	0.8	0.511739
0.15	1000	0.2	0.8	0.528637
0.15	2000	0.2	0.8	0.528732
0.15	5000	0.2	0.8	0.491781
0.2	500	0.2	0.8	0.532394
0.2	1000	0.2	0.8	0.551252
0.2	2000	0.2	0.8	0.541524
0.2	5000	0.2	0.8	0.499469
0.25	500	0.2	0.8	0.553879
0.25	1000	0.2	0.8	0.569766
0.25	2000	0.2	0.8	0.558251
0.25	5000	0.2	0.8	0.503976
0.3	500	0.2	0.8	0.570464
0.3	1000	0.2	0.8	0.583497
0.3	2000	0.2	0.8	0.565782
0.3	5000	0.2	0.8	0.506874
0.35	500	0.2	0.8	0.58652
0.35	1000	0.2	0.8	0.596614
0.35	2000	0.2	0.8	0.579547
0.35	5000	0.2	0.8	0.500303
0.4	500	0.2	0.8	0.602129
0.4	1000	0.2	0.8	0.606878
0.4	2000	0.2	0.8	0.57992
0.4	5000	0.2	0.8	0.49629
0.1	500	0.2	0.9	0.485814
0.1	1000	0.2	0.9	0.512663
0.1	2000	0.2	0.9	0.508622
0.1	5000	0.2	0.9	0.486214
0.15	500	0.2	0.9	0.520623
0.15	1000	0.2	0.9	0.536761
0.15	2000	0.2	0.9	0.536088
0.15	5000	0.2	0.9	0.496071
0.2	500	0.2	0.9	0.543581
0.2	1000	0.2	0.9	0.562369
0.2	2000	0.2	0.9	0.553901
0.2	5000	0.2	0.9	0.500934
0.25	500	0.2	0.9	0.565701
0.25	1000	0.2	0.9	0.578636
0.25	2000	0.2	0.9	0.562346
0.25	5000	0.2	0.9	0.506433
0.3	500	0.2	0.9	0.583105
0.3	1000	0.2	0.9	0.593149
0.3	2000	0.2	0.9	0.578254
0.3	5000	0.2	0.9	0.501036
0.35	500	0.2	0.9	0.601487
0.35	1000	0.2	0.9	0.605161
0.35	2000	0.2	0.9	0.579662
0.35	5000	0.2	0.9	0.496785
0.4	500	0.2	0.9	0.612604
0.4	1000	0.2	0.9	0.616134
0.4	2000	0.2	0.9	0.581426
0.4	5000	0.2	0.9	0.494915
0.1	500	0.3	0.1	0.431994
0.1	1000	0.3	0.1	0.450712
0.1	2000	0.3	0.1	0.457253
0.1	5000	0.3	0.1	0.458796
0.15	500	0.3	0.1	0.434623
0.15	1000	0.3	0.1	0.454363
0.15	2000	0.3	0.1	0.460445
0.15	5000	0.3	0.1	0.460749
0.2	500	0.3	0.1	0.437734
0.2	1000	0.3	0.1	0.456494
0.2	2000	0.3	0.1	0.46517
0.2	5000	0.3	0.1	0.462906
0.25	500	0.3	0.1	0.441768
0.25	1000	0.3	0.1	0.459023
0.25	2000	0.3	0.1	0.468104
0.25	5000	0.3	0.1	0.464977
0.3	500	0.3	0.1	0.444346
0.3	1000	0.3	0.1	0.461557
0.3	2000	0.3	0.1	0.471952
0.3	5000	0.3	0.1	0.467735
0.35	500	0.3	0.1	0.445993
0.35	1000	0.3	0.1	0.463725
0.35	2000	0.3	0.1	0.475996
0.35	5000	0.3	0.1	0.471985
0.4	500	0.3	0.1	0.449086
0.4	1000	0.3	0.1	0.466343
0.4	2000	0.3	0.1	0.477656
0.4	5000	0.3	0.1	0.474342
0.1	500	0.3	0.2	0.440096
0.1	1000	0.3	0.2	0.458932
0.1	2000	0.3	0.2	0.468093
0.1	5000	0.3	0.2	0.466683
0.15	500	0.3	0.2	0.447082
0.15	1000	0.3	0.2	0.465617
0.15	2000	0.3	0.2	0.477228
0.15	5000	0.3	0.2	0.473001
0.2	500	0.3	0.2	0.455258
0.2	1000	0.3	0.2	0.473325
0.2	2000	0.3	0.2	0.483098
0.2	5000	0.3	0.2	0.480689
0.25	500	0.3	0.2	0.461197
0.25	1000	0.3	0.2	0.48136
0.25	2000	0.3	0.2	0.488892
0.25	5000	0.3	0.2	0.483632
0.3	500	0.3	0.2	0.466198
0.3	1000	0.3	0.2	0.491239
0.3	2000	0.3	0.2	0.495296
0.3	5000	0.3	0.2	0.486548
0.35	500	0.3	0.2	0.471026
0.35	1000	0.3	0.2	0.496253
0.35	2000	0.3	0.2	0.500473
0.35	5000	0.3	0.2	0.490849
0.4	500	0.3	0.2	0.475222
0.4	1000	0.3	0.2	0.501521
0.4	2000	0.3	0.2	0.505595
0.4	5000	0.3	0.2	0.49419
0.1	500	0.3	0.3	0.45149
0.1	1000	0.3	0.3	0.468901
0.1	2000	0.3	0.3	0.478869
0.1	5000	0.3	0.3	0.475085
0.15	500	0.3	0.3	0.460048
0.15	1000	0.3	0.3	0.479692
0.15	2000	0.3	0.3	0.488043
0.15	5000	0.3	0.3	0.483782
0.2	500	0.3	0.3	0.469813
0.2	1000	0.3	0.3	0.495517
0.2	2000	0.3	0.3	0.498357
0.2	5000	0.3	0.3	0.489731
0.25	500	0.3	0.3	0.478744
0.25	1000	0.3	0.3	0.504935
0.25	2000	0.3	0.3	0.50781
0.25	5000	0.3	0.3	0.497396
0.3	500	0.3	0.3	0.490565
0.3	1000	0.3	0.3	0.513661
0.3	2000	0.3	0.3	0.518045
0.3	5000	0.3	0.3	0.504507
0.35	500	0.3	0.3	0.505627
0.35	1000	0.3	0.3	0.525015
0.35	2000	0.3	0.3	0.525561
0.35	5000	0.3	0.3	0.507563
0.4	500	0.3	0.3	0.515064
0.4	1000	0.3	0.3	0.533734
0.4	2000	0.3	0.3	0.534249
0.4	5000	0.3	0.3	0.511217
0.1	500	0.3	0.4	0.45956
0.1	1000	0.3	0.4	0.479414
0.1	2000	0.3	0.4	0.486265
0.1	5000	0.3	0.4	0.484711
0.15	500	0.3	0.4	0.474485
0.15	1000	0.3	0.4	0.501264
0.15	2000	0.3	0.4	0.503992
0.15	5000	0.3	0.4	0.494321
0.2	500	0.3	0.4	0.488912
0.2	1000	0.3	0.4	0.513617
0.2	2000	0.3	0.4	0.51713
0.2	5000	0.3	0.4	0.503203
0.25	500	0.3	0.4	0.507231
0.25	1000	0.3	0.4	0.525826
0.25	2000	0.3	0.4	0.527572
0.25	5000	0.3	0.4	0.50827
0.3	500	0.3	0.4	0.518728
0.3	1000	0.3	0.4	0.53987
0.3	2000	0.3	0.4	0.536655
0.3	5000	0.3	0.4	0.510414
0.35	500	0.3	0.4	0.530511
0.35	1000	0.3	0.4	0.549776
0.35	2000	0.3	0.4	0.546811
0.35	5000	0.3	0.4	0.518988
0.4	500	0.3	0.4	0.540466
0.4	1000	0.3	0.4	0.559782
0.4	2000	0.3	0.4	0.560934
0.4	5000	0.3	0.4	0.523686
0.1	500	0.3	0.5	0.469007
0.1	1000	0.3	0.5	0.492277
0.1	2000	0.3	0.5	0.499141
0.1	5000	0.3	0.5	0.490403
0.15	500	0.3	0.5	0.486232
0.15	1000	0.3	0.5	0.512107
0.15	2000	0.3	0.5	0.516272
0.15	5000	0.3	0.5	0.50073
0.2	500	0.3	0.5	0.510713
0.2	1000	0.3	0.5	0.526972
0.2	2000	0.3	0.5	0.529023
0.2	5000	0.3	0.5	0.509061
0.25	500	0.3	0.5	0.525424
0.25	1000	0.3	0.5	0.545224
0.25	2000	0.3	0.5	0.542569
0.25	5000	0.3	0.5	0.515629
0.3	500	0.3	0.5	0.53795
0.3	1000	0.3	0.5	0.556799
0.3	2000	0.3	0.5	0.558905
0.3	5000	0.3	0.5	0.523523
0.35	500	0.3	0.5	0.551998
0.35	1000	0.3	0.5	0.567222
0.35	2000	0.3	0.5	0.565891
0.35	5000	0.3	0.5	0.526066
0.4	500	0.3	0.5	0.564795
0.4	1000	0.3	0.5	0.577755
0.4	2000	0.3	0.5	0.577821
0.4	5000	0.3	0.5	0.527972
0.1	500	0.3	0.6	0.47688
0.1	1000	0.3	0.6	0.503501
0.1	2000	0.3	0.6	0.506365
0.1	5000	0.3	0.6	0.495233
0.15	500	0.3	0.6	0.50124
0.15	1000	0.3	0.6	0.523157
0.15	2000	0.3	0.6	0.524611
0.15	5000	0.3	0.6	0.506279
0.2	500	0.3	0.6	0.523977
0.2	1000	0.3	0.6	0.544669
0.2	2000	0.3	0.6	0.541
0.2	5000	0.3	0.6	0.514544
0.25	500	0.3	0.6	0.539987
0.25	1000	0.3	0.6	0.558265
0.25	2000	0.3	0.6	0.55995
0.25	5000	0.3	0.6	0.523655
0.3	500	0.3	0.6	0.556725
0.3	1000	0.3	0.6	0.573206
0.3	2000	0.3	0.6	0.572686
0.3	5000	0.3	0.6	0.527839
0.35	500	0.3	0.6	0.569773
0.35	1000	0.3	0.6	0.583976
0.35	2000	0.3	0.6	0.581583
0.35	5000	0.3	0.6	0.529001
0.4	500	0.3	0.6	0.58173
0.4	1000	0.3	0.6	0.593568
0.4	2000	0.3	0.6	0.591824
0.4	5000	0.3	0.6	0.530885
0.1	500	0.3	0.7	0.484256
0.1	1000	0.3	0.7	0.510521
0.1	2000	0.3	0.7	0.514689
0.1	5000	0.3	0.7	0.499853
0.15	500	0.3	0.7	0.515164
0.15	1000	0.3	0.7	0.534491
0.15	2000	0.3	0.7	0.534914
0.15	5000	0.3	0.7	0.510012
0.2	500	0.3	0.7	0.536434
0.2	1000	0.3	0.7	0.555211
0.2	2000	0.3	0.7	0.550421
0.2	5000	0.3	0.7	0.521336
0.25	500	0.3	0.7	0.555261
0.25	1000	0.3	0.7	0.572541
0.25	2000	0.3	0.7	0.566981
0.25	5000	0.3	0.7	0.527224
0.3	500	0.3	0.7	0.570769
0.3	1000	0.3	0.7	0.58631
0.3	2000	0.3	0.7	0.582681
0.3	5000	0.3	0.7	0.527824
0.35	500	0.3	0.7	0.586098
0.35	1000	0.3	0.7	0.596439
0.35	2000	0.3	0.7	0.593255
0.35	5000	0.3	0.7	0.530068
0.4	500	0.3	0.7	0.600711
0.4	1000	0.3	0.7	0.609305
0.4	2000	0.3	0.7	0.594819
0.4	5000	0.3	0.7	0.527697
0.1	500	0.3	0.8	0.494022
0.1	1000	0.3	0.8	0.517045
0.1	2000	0.3	0.8	0.519992
0.1	5000	0.3	0.8	0.504404
0.15	500	0.3	0.8	0.526165
0.15	1000	0.3	0.8	0.545973
0.15	2000	0.3	0.8	0.541893
0.15	5000	0.3	0.8	0.51653
0.2	500	0.3	0.8	0.548591
0.2	1000	0.3	0.8	0.562975
0.2	2000	0.3	0.8	0.562565
0.2	5000	0.3	0.8	0.523972
0.25	500	0.3	0.8	0.569404
0.25	1000	0.3	0.8	0.581035
0.25	2000	0.3	0.8	0.579449
0.25	5000	0.3	0.8	0.528523
0.3	500	0.3	0.8	0.584858
0.3	1000	0.3	0.8	0.594751
0.3	2000	0.3	0.8	0.592211
0.3	5000	0.3	0.8	0.529953
0.35	500	0.3	0.8	0.601368
0.35	1000	0.3	0.8	0.609032
0.35	2000	0.3	0.8	0.594269
0.35	5000	0.3	0.8	0.527456
0.4	500	0.3	0.8	0.614527
0.4	1000	0.3	0.8	0.61913
0.4	2000	0.3	0.8	0.597971
0.4	5000	0.3	0.8	0.524582
0.1	500	0.3	0.9	0.508216
0.1	1000	0.3	0.9	0.526424
0.1	2000	0.3	0.9	0.524956
0.1	5000	0.3	0.9	0.506314
0.15	500	0.3	0.9	0.535673
0.15	1000	0.3	0.9	0.554413
0.15	2000	0.3	0.9	0.549022
0.15	5000	0.3	0.9	0.519897
0.2	500	0.3	0.9	0.559421
0.2	1000	0.3	0.9	0.57403
0.2	2000	0.3	0.9	0.573564
0.2	5000	0.3	0.9	0.52892
0.25	500	0.3	0.9	0.579883
0.25	1000	0.3	0.9	0.591713
0.25	2000	0.3	0.9	0.589123
0.25	5000	0.3	0.9	0.530604
0.3	500	0.3	0.9	0.598946
0.3	1000	0.3	0.9	0.607801
0.3	2000	0.3	0.9	0.594839
0.3	5000	0.3	0.9	0.529678
0.35	500	0.3	0.9	0.614136
0.35	1000	0.3	0.9	0.618503
0.35	2000	0.3	0.9	0.596426
0.35	5000	0.3	0.9	0.524437
0.4	500	0.3	0.9	0.627819
0.4	1000	0.3	0.9	0.629791
0.4	2000	0.3	0.9	0.593556
0.4	5000	0.3	0.9	0.530831
0.1	500	0.4	0.1	0.448525
0.1	1000	0.4	0.1	0.465138
0.1	2000	0.4	0.1	0.474361
0.1	5000	0.4	0.1	0.477489
0.15	500	0.4	0.1	0.453075
0.15	1000	0.4	0.1	0.468077
0.15	2000	0.4	0.1	0.478303
0.15	5000	0.4	0.1	0.479401
0.2	500	0.4	0.1	0.455272
0.2	1000	0.4	0.1	0.470778
0.2	2000	0.4	0.1	0.482087
0.2	5000	0.4	0.1	0.481697
0.25	500	0.4	0.1	0.457655
0.25	1000	0.4	0.1	0.472219
0.25	2000	0.4	0.1	0.483978
0.25	5000	0.4	0.1	0.484784
0.3	500	0.4	0.1	0.460243
0.3	1000	0.4	0.1	0.474423
0.3	2000	0.4	0.1	0.487798
0.3	5000	0.4	0.1	0.490636
0.35	500	0.4	0.1	0.46288
0.35	1000	0.4	0.1	0.477751
0.35	2000	0.4	0.1	0.489557
0.35	5000	0.4	0.1	0.493493
0.4	500	0.4	0.1	0.46495
0.4	1000	0.4	0.1	0.485493
0.4	2000	0.4	0.1	0.491481
0.4	5000	0.4	0.1	0.495385
0.1	500	0.4	0.2	0.457309
0.1	1000	0.4	0.2	0.474655
0.1	2000	0.4	0.2	0.484877
0.1	5000	0.4	0.2	0.485156
0.15	500	0.4	0.2	0.464805
0.15	1000	0.4	0.2	0.47925
0.15	2000	0.4	0.2	0.49165
0.15	5000	0.4	0.2	0.493252
0.2	500	0.4	0.2	0.46859
0.2	1000	0.4	0.2	0.491223
0.2	2000	0.4	0.2	0.49749
0.2	5000	0.4	0.2	0.50011
0.25	500	0.4	0.2	0.477249
0.25	1000	0.4	0.2	0.499072
0.25	2000	0.4	0.2	0.505371
0.25	5000	0.4	0.2	0.504197
0.3	500	0.4	0.2	0.483667
0.3	1000	0.4	0.2	0.503672
0.3	2000	0.4	0.2	0.509838
0.3	5000	0.4	0.2	0.508554
0.35	500	0.4	0.2	0.493185
0.35	1000	0.4	0.2	0.511726
0.35	2000	0.4	0.2	0.516334
0.35	5000	0.4	0.2	0.51543
0.4	500	0.4	0.2	0.498532
0.4	1000	0.4	0.2	0.516966
0.4	2000	0.4	0.2	0.522998
0.4	5000	0.4	0.2	0.518765
0.1	500	0.4	0.3	0.467123
0.1	1000	0.4	0.3	0.480725
0.1	2000	0.4	0.3	0.492537
0.1	5000	0.4	0.3	0.495134
0.15	500	0.4	0.3	0.478699
0.15	1000	0.4	0.3	0.500064
0.15	2000	0.4	0.3	0.506016
0.15	5000	0.4	0.3	0.506421
0.2	500	0.4	0.3	0.488589
0.2	1000	0.4	0.3	0.509309
0.2	2000	0.4	0.3	0.516873
0.2	5000	0.4	0.3	0.516539
0.25	500	0.4	0.3	0.501589
0.25	1000	0.4	0.3	0.520614
0.25	2000	0.4	0.3	0.528186
0.25	5000	0.4	0.3	0.520591
0.3	500	0.4	0.3	0.512411
0.3	1000	0.4	0.3	0.530669
0.3	2000	0.4	0.3	0.536078
0.3	5000	0.4	0.3	0.525997
0.35	500	0.4	0.3	0.519605
0.35	1000	0.4	0.3	0.538814
0.35	2000	0.4	0.3	0.541273
0.35	5000	0.4	0.3	0.528841
0.4	500	0.4	0.3	0.527851
0.4	1000	0.4	0.3	0.547012
0.4	2000	0.4	0.3	0.558934
0.4	5000	0.4	0.3	0.535228
0.1	500	0.4	0.4	0.476461
0.1	1000	0.4	0.4	0.498788
0.1	2000	0.4	0.4	0.504778
0.1	5000	0.4	0.4	0.505757
0.15	500	0.4	0.4	0.491088
0.15	1000	0.4	0.4	0.513068
0.15	2000	0.4	0.4	0.51902
0.15	5000	0.4	0.4	0.517711
0.2	500	0.4	0.4	0.508989
0.2	1000	0.4	0.4	0.527409
0.2	2000	0.4	0.4	0.532575
0.2	5000	0.4	0.4	0.523378
0.25	500	0.4	0.4	0.520713
0.25	1000	0.4	0.4	0.538402
0.25	2000	0.4	0.4	0.541634
0.25	5000	0.4	0.4	0.528209
0.3	500	0.4	0.4	0.530865
0.3	1000	0.4	0.4	0.549026
0.3	2000	0.4	0.4	0.560417
0.3	5000	0.4	0.4	0.535929
0.35	500	0.4	0.4	0.5446
0.35	1000	0.4	0.4	0.562939
0.35	2000	0.4	0.4	0.569865
0.35	5000	0.4	0.4	0.541893
0.4	500	0.4	0.4	0.553599
0.4	1000	0.4	0.4	0.570894
0.4	2000	0.4	0.4	0.579637
0.4	5000	0.4	0.4	0.546849
0.1	500	0.4	0.5	0.485398
0.1	1000	0.4	0.5	0.508576
0.1	2000	0.4	0.5	0.514388
0.1	5000	0.4	0.5	0.51107
0.15	500	0.4	0.5	0.506734
0.15	1000	0.4	0.5	0.524851
0.15	2000	0.4	0.5	0.529127
0.15	5000	0.4	0.5	0.521933
0.2	500	0.4	0.5	0.522469
0.2	1000	0.4	0.5	0.540627
0.2	2000	0.4	0.5	0.54205
0.2	5000	0.4	0.5	0.528584
0.25	500	0.4	0.5	0.537715
0.25	1000	0.4	0.5	0.555142
0.25	2000	0.4	0.5	0.56336
0.25	5000	0.4	0.5	0.536816
0.3	500	0.4	0.5	0.551319
0.3	1000	0.4	0.5	0.569859
0.3	2000	0.4	0.5	0.576939
0.3	5000	0.4	0.5	0.546017
0.35	500	0.4	0.5	0.565773
0.35	1000	0.4	0.5	0.579519
0.35	2000	0.4	0.5	0.584191
0.35	5000	0.4	0.5	0.550607
0.4	500	0.4	0.5	0.575205
0.4	1000	0.4	0.5	0.589352
0.4	2000	0.4	0.5	0.590961
0.4	5000	0.4	0.5	0.554934
0.1	500	0.4	0.6	0.49292
0.1	1000	0.4	0.6	0.514886
0.1	2000	0.4	0.6	0.520618
0.1	5000	0.4	0.6	0.517963
0.15	500	0.4	0.6	0.518353
0.15	1000	0.4	0.6	0.535209
0.15	2000	0.4	0.6	0.539583
0.15	5000	0.4	0.6	0.526233
0.2	500	0.4	0.6	0.536333
0.2	1000	0.4	0.6	0.554392
0.2	2000	0.4	0.6	0.561774
0.2	5000	0.4	0.6	0.535865
0.25	500	0.4	0.6	0.553561
0.25	1000	0.4	0.6	0.570422
0.25	2000	0.4	0.6	0.577278
0.25	5000	0.4	0.6	0.546437
0.3	500	0.4	0.6	0.568791
0.3	1000	0.4	0.6	0.581276
0.3	2000	0.4	0.6	0.586687
0.3	5000	0.4	0.6	0.553551
0.35	500	0.4	0.6	0.581654
0.35	1000	0.4	0.6	0.595557
0.35	2000	0.4	0.6	0.596283
0.35	5000	0.4	0.6	0.553385
0.4	500	0.4	0.6	0.594177
0.4	1000	0.4	0.6	0.60486
0.4	2000	0.4	0.6	0.605414
0.4	5000	0.4	0.6	0.558373
0.1	500	0.4	0.7	0.504104
0.1	1000	0.4	0.7	0.521547
0.1	2000	0.4	0.7	0.527035
0.1	5000	0.4	0.7	0.520401
0.15	500	0.4	0.7	0.528784
0.15	1000	0.4	0.7	0.544795
0.15	2000	0.4	0.7	0.545042
0.15	5000	0.4	0.7	0.532808
0.2	500	0.4	0.7	0.550373
0.2	1000	0.4	0.7	0.566402
0.2	2000	0.4	0.7	0.574142
0.2	5000	0.4	0.7	0.544725
0.25	500	0.4	0.7	0.56832
0.25	1000	0.4	0.7	0.580578
0.25	2000	0.4	0.7	0.586241
0.25	5000	0.4	0.7	0.55272
0.3	500	0.4	0.7	0.58295
0.3	1000	0.4	0.7	0.595001
0.3	2000	0.4	0.7	0.597725
0.3	5000	0.4	0.7	0.554835
0.35	500	0.4	0.7	0.599368
0.35	1000	0.4	0.7	0.60949
0.35	2000	0.4	0.7	0.606786
0.35	5000	0.4	0.7	0.55989
0.4	500	0.4	0.7	0.61207
0.4	1000	0.4	0.7	0.623982
0.4	2000	0.4	0.7	0.606773
0.4	5000	0.4	0.7	0.555479
0.1	500	0.4	0.8	0.513884
0.1	1000	0.4	0.8	0.531612
0.1	2000	0.4	0.8	0.53426
0.1	5000	0.4	0.8	0.524149
0.15	500	0.4	0.8	0.539467
0.15	1000	0.4	0.8	0.556369
0.15	2000	0.4	0.8	0.56534
0.15	5000	0.4	0.8	0.53934
0.2	500	0.4	0.8	0.560555
0.2	1000	0.4	0.8	0.576308
0.2	2000	0.4	0.8	0.58117
0.2	5000	0.4	0.8	0.548895
0.25	500	0.4	0.8	0.579086
0.25	1000	0.4	0.8	0.592691
0.25	2000	0.4	0.8	0.5935
0.25	5000	0.4	0.8	0.554968
0.3	500	0.4	0.8	0.598602
0.3	1000	0.4	0.8	0.609069
0.3	2000	0.4	0.8	0.606907
0.3	5000	0.4	0.8	0.559246
0.35	500	0.4	0.8	0.612605
0.35	1000	0.4	0.8	0.624478
0.35	2000	0.4	0.8	0.606687
0.35	5000	0.4	0.8	0.554879
0.4	500	0.4	0.8	0.624346
0.4	1000	0.4	0.8	0.628815
0.4	2000	0.4	0.8	0.609245
0.4	5000	0.4	0.8	0.555055
0.1	500	0.4	0.9	0.520115
0.1	1000	0.4	0.9	0.53733
0.1	2000	0.4	0.9	0.540196
0.1	5000	0.4	0.9	0.526672
0.15	500	0.4	0.9	0.548749
0.15	1000	0.4	0.9	0.564746
0.15	2000	0.4	0.9	0.572548
0.15	5000	0.4	0.9	0.544317
0.2	500	0.4	0.9	0.572053
0.2	1000	0.4	0.9	0.585594
0.2	2000	0.4	0.9	0.587261
0.2	5000	0.4	0.9	0.552334
0.25	500	0.4	0.9	0.590561
0.25	1000	0.4	0.9	0.605132
0.25	2000	0.4	0.9	0.604176
0.25	5000	0.4	0.9	0.556958
0.3	500	0.4	0.9	0.611514
0.3	1000	0.4	0.9	0.620995
0.3	2000	0.4	0.9	0.603805
0.3	5000	0.4	0.9	0.55463
0.35	500	0.4	0.9	0.623748
0.35	1000	0.4	0.9	0.628193
0.35	2000	0.4	0.9	0.609791
0.35	5000	0.4	0.9	0.553404
0.4	500	0.4	0.9	0.637372
0.4	1000	0.4	0.9	0.631954
0.4	2000	0.4	0.9	0.60011
0.4	5000	0.4	0.9	0.558623
0.1	500	0.5	0.1	0.465843
0.1	1000	0.5	0.1	0.482485
0.1	2000	0.5	0.1	0.484271
0.1	5000	0.5	0.1	0.49353
0.15	500	0.5	0.1	0.468834
0.15	1000	0.5	0.1	0.486498
0.15	2000	0.5	0.1	0.488002
0.15	5000	0.5	0.1	0.497616
0.2	500	0.5	0.1	0.470306
0.2	1000	0.5	0.1	0.489947
0.2	2000	0.5	0.1	0.493086
0.2	5000	0.5	0.1	0.500683
0.25	500	0.5	0.1	0.472392
0.25	1000	0.5	0.1	0.492652
0.25	2000	0.5	0.1	0.496306
0.25	5000	0.5	0.1	0.504885
0.3	500	0.5	0.1	0.474916
0.3	1000	0.5	0.1	0.495041
0.3	2000	0.5	0.1	0.499566
0.3	5000	0.5	0.1	0.509787
0.35	500	0.5	0.1	0.478537
0.35	1000	0.5	0.1	0.497773
0.35	2000	0.5	0.1	0.502675
0.35	5000	0.5	0.1	0.512626
0.4	500	0.5	0.1	0.480502
0.4	1000	0.5	0.1	0.500942
0.4	2000	0.5	0.1	0.505175
0.4	5000	0.5	0.1	0.515129
0.1	500	0.5	0.2	0.473622
0.1	1000	0.5	0.2	0.493918
0.1	2000	0.5	0.2	0.497481
0.1	5000	0.5	0.2	0.503577
0.15	500	0.5	0.2	0.481369
0.15	1000	0.5	0.2	0.50098
0.15	2000	0.5	0.2	0.503956
0.15	5000	0.5	0.2	0.514287
0.2	500	0.5	0.2	0.492184
0.2	1000	0.5	0.2	0.507018
0.2	2000	0.5	0.2	0.509651
0.2	5000	0.5	0.2	0.521652
0.25	500	0.5	0.2	0.499142
0.25	1000	0.5	0.2	0.515945
0.25	2000	0.5	0.2	0.518119
0.25	5000	0.5	0.2	0.528344
0.3	500	0.5	0.2	0.504262
0.3	1000	0.5	0.2	0.523667
0.3	2000	0.5	0.2	0.530891
0.3	5000	0.5	0.2	0.532394
0.35	500	0.5	0.2	0.509044
0.35	1000	0.5	0.2	0.529062
0.35	2000	0.5	0.2	0.537617
0.35	5000	0.5	0.2	0.538444
0.4	500	0.5	0.2	0.515196
0.4	1000	0.5	0.2	0.53377
0.4	2000	0.5	0.2	0.542693
0.4	5000	0.5	0.2	0.540594
0.1	500	0.5	0.3	0.482546
0.1	1000	0.5	0.3	0.503683
0.1	2000	0.5	0.3	0.507583
0.1	5000	0.5	0.3	0.517433
0.15	500	0.5	0.3	0.499032
0.15	1000	0.5	0.3	0.515338
0.15	2000	0.5	0.3	0.519224
0.15	5000	0.5	0.3	0.527612
0.2	500	0.5	0.3	0.508371
0.2	1000	0.5	0.3	0.526671
0.2	2000	0.5	0.3	0.533945
0.2	5000	0.5	0.3	0.534315
0.25	500	0.5	0.3	0.518824
0.25	1000	0.5	0.3	0.536072
0.25	2000	0.5	0.3	0.54399
0.25	5000	0.5	0.3	0.54121
0.3	500	0.5	0.3	0.5233
0.3	1000	0.5	0.3	0.544249
0.3	2000	0.5	0.3	0.555776
0.3	5000	0.5	0.3	0.547564
0.35	500	0.5	0.3	0.532152
0.35	1000	0.5	0.3	0.550109
0.35	2000	0.5	0.3	0.562197
0.35	5000	0.5	0.3	0.553146
0.4	500	0.5	0.3	0.539571
0.4	1000	0.5	0.3	0.558216
0.4	2000	0.5	0.3	0.569504
0.4	5000	0.5	0.3	0.558062
0.1	500	0.5	0.4	0.496314
0.1	1000	0.5	0.4	0.513044
0.1	2000	0.5	0.4	0.516077
0.1	5000	0.5	0.4	0.526414
0.15	500	0.5	0.4	0.509336
0.15	1000	0.5	0.4	0.528731
0.15	2000	0.5	0.4	0.535356
0.15	5000	0.5	0.4	0.534874
0.2	500	0.5	0.4	0.520689
0.2	1000	0.5	0.4	0.540658
0.2	2000	0.5	0.4	0.553025
0.2	5000	0.5	0.4	0.543775
0.25	500	0.5	0.4	0.532679
0.25	1000	0.5	0.4	0.550329
0.25	2000	0.5	0.4	0.561032
0.25	5000	0.5	0.4	0.553034
0.3	500	0.5	0.4	0.542998
0.3	1000	0.5	0.4	0.561157
0.3	2000	0.5	0.4	0.571724
0.3	5000	0.5	0.4	0.558291
0.35	500	0.5	0.4	0.554544
0.35	1000	0.5	0.4	0.570601
0.35	2000	0.5	0.4	0.579923
0.35	5000	0.5	0.4	0.56091
0.4	500	0.5	0.4	0.564382
0.4	1000	0.5	0.4	0.576807
0.4	2000	0.5	0.4	0.586742
0.4	5000	0.5	0.4	0.564254
0.1	500	0.5	0.5	0.504689
0.1	1000	0.5	0.5	0.522221
0.1	2000	0.5	0.5	0.525447
0.1	5000	0.5	0.5	0.531582
0.15	500	0.5	0.5	0.52075
0.15	1000	0.5	0.5	0.538814
0.15	2000	0.5	0.5	0.545822
0.15	5000	0.5	0.5	0.542548
0.2	500	0.5	0.5	0.533848
0.2	1000	0.5	0.5	0.552074
0.2	2000	0.5	0.5	0.562841
0.2	5000	0.5	0.5	0.553234
0.25	500	0.5	0.5	0.547239
0.25	1000	0.5	0.5	0.564638
0.25	2000	0.5	0.5	0.573856
0.25	5000	0.5	0.5	0.559127
0.3	500	0.5	0.5	0.562008
0.3	1000	0.5	0.5	0.577796
0.3	2000	0.5	0.5	0.586347
0.3	5000	0.5	0.5	0.565119
0.35	500	0.5	0.5	0.577243
0.35	1000	0.5	0.5	0.589115
0.35	2000	0.5	0.5	0.596259
0.35	5000	0.5	0.5	0.57558
0.4	500	0.5	0.5	0.589718
0.4	1000	0.5	0.5	0.598413
0.4	2000	0.5	0.5	0.604723
0.4	5000	0.5	0.5	0.576238
0.1	500	0.5	0.6	0.511511
0.1	1000	0.5	0.6	0.530527
0.1	2000	0.5	0.6	0.536602
0.1	5000	0.5	0.6	0.535866
0.15	500	0.5	0.6	0.528028
0.15	1000	0.5	0.6	0.546863
0.15	2000	0.5	0.6	0.557895
0.15	5000	0.5	0.6	0.5495
0.2	500	0.5	0.6	0.545291
0.2	1000	0.5	0.6	0.563037
0.2	2000	0.5	0.6	0.572397
0.2	5000	0.5	0.6	0.558734
0.25	500	0.5	0.6	0.564163
0.25	1000	0.5	0.6	0.580261
0.25	2000	0.5	0.6	0.588322
0.25	5000	0.5	0.6	0.567995
0.3	500	0.5	0.6	0.581315
0.3	1000	0.5	0.6	0.590654
0.3	2000	0.5	0.6	0.597427
0.3	5000	0.5	0.6	0.575022
0.35	500	0.5	0.6	0.597785
0.35	1000	0.5	0.6	0.609065
0.35	2000	0.5	0.6	0.61085
0.35	5000	0.5	0.6	0.578764
0.4	500	0.5	0.6	0.605201
0.4	1000	0.5	0.6	0.618421
0.4	2000	0.5	0.6	0.611353
0.4	5000	0.5	0.6	0.57719
0.1	500	0.5	0.7	0.519271
0.1	1000	0.5	0.7	0.536667
0.1	2000	0.5	0.7	0.544375
0.1	5000	0.5	0.7	0.540838
0.15	500	0.5	0.7	0.537636
0.15	1000	0.5	0.7	0.555159
0.15	2000	0.5	0.7	0.566133
0.15	5000	0.5	0.7	0.555298
0.2	500	0.5	0.7	0.560582
0.2	1000	0.5	0.7	0.576637
0.2	2000	0.5	0.7	0.584703
0.2	5000	0.5	0.7	0.565883
0.25	500	0.5	0.7	0.580787
0.25	1000	0.5	0.7	0.5902
0.25	2000	0.5	0.7	0.595593
0.25	5000	0.5	0.7	0.573272
0.3	500	0.5	0.7	0.598846
0.3	1000	0.5	0.7	0.612036
0.3	2000	0.5	0.7	0.611069
0.3	5000	0.5	0.7	0.578956
0.35	500	0.5	0.7	0.608781
0.35	1000	0.5	0.7	0.620071
0.35	2000	0.5	0.7	0.616687
0.35	5000	0.5	0.7	0.579217
0.4	500	0.5	0.7	0.61939
0.4	1000	0.5	0.7	0.63026
0.4	2000	0.5	0.7	0.613935
0.4	5000	0.5	0.7	0.580846
0.1	500	0.5	0.8	0.522673
0.1	1000	0.5	0.8	0.543509
0.1	2000	0.5	0.8	0.55519
0.1	5000	0.5	0.8	0.546362
0.15	500	0.5	0.8	0.549119
0.15	1000	0.5	0.8	0.563525
0.15	2000	0.5	0.8	0.573309
0.15	5000	0.5	0.8	0.558055
0.2	500	0.5	0.8	0.57317
0.2	1000	0.5	0.8	0.586501
0.2	2000	0.5	0.8	0.590901
0.2	5000	0.5	0.8	0.573345
0.25	500	0.5	0.8	0.594695
0.25	1000	0.5	0.8	0.608955
0.25	2000	0.5	0.8	0.608505
0.25	5000	0.5	0.8	0.576036
0.3	500	0.5	0.8	0.609044
0.3	1000	0.5	0.8	0.619257
0.3	2000	0.5	0.8	0.616483
0.3	5000	0.5	0.8	0.579394
0.35	500	0.5	0.8	0.619895
0.35	1000	0.5	0.8	0.62971
0.35	2000	0.5	0.8	0.612777
0.35	5000	0.5	0.8	0.579826
0.4	500	0.5	0.8	0.633881
0.4	1000	0.5	0.8	0.632763
0.4	2000	0.5	0.8	0.612334
0.4	5000	0.5	0.8	0.584099
0.1	500	0.5	0.9	0.529597
0.1	1000	0.5	0.9	0.549065
0.1	2000	0.5	0.9	0.558984
0.1	5000	0.5	0.9	0.55086
0.15	500	0.5	0.9	0.559108
0.15	1000	0.5	0.9	0.575109
0.15	2000	0.5	0.9	0.582626
0.15	5000	0.5	0.9	0.564519
0.2	500	0.5	0.9	0.58375
0.2	1000	0.5	0.9	0.593
0.2	2000	0.5	0.9	0.601929
0.2	5000	0.5	0.9	0.574737
0.25	500	0.5	0.9	0.607202
0.25	1000	0.5	0.9	0.616193
0.25	2000	0.5	0.9	0.61382
0.25	5000	0.5	0.9	0.57985
0.3	500	0.5	0.9	0.618282
0.3	1000	0.5	0.9	0.626633
0.3	2000	0.5	0.9	0.613064
0.3	5000	0.5	0.9	0.580825
0.35	500	0.5	0.9	0.632276
0.35	1000	0.5	0.9	0.632015
0.35	2000	0.5	0.9	0.611216
0.35	5000	0.5	0.9	0.583339
0.4	500	0.5	0.9	0.640952
0.4	1000	0.5	0.9	0.630112
0.4	2000	0.5	0.9	0.612892
0.4	5000	0.5	0.9	0.581418
0.1	500	0.6	0.1	0.483334
0.1	1000	0.6	0.1	0.494707
0.1	2000	0.6	0.1	0.504378
0.1	5000	0.6	0.1	0.508296
0.15	500	0.6	0.1	0.485754
0.15	1000	0.6	0.1	0.500774
0.15	2000	0.6	0.1	0.508195
0.15	5000	0.6	0.1	0.512134
0.2	500	0.6	0.1	0.490398
0.2	1000	0.6	0.1	0.504997
0.2	2000	0.6	0.1	0.513085
0.2	5000	0.6	0.1	0.516725
0.25	500	0.6	0.1	0.492348
0.25	1000	0.6	0.1	0.507794
0.25	2000	0.6	0.1	0.516322
0.25	5000	0.6	0.1	0.522492
0.3	500	0.6	0.1	0.495352
0.3	1000	0.6	0.1	0.510593
0.3	2000	0.6	0.1	0.519864
0.3	5000	0.6	0.1	0.525044
0.35	500	0.6	0.1	0.499233
0.35	1000	0.6	0.1	0.5128
0.35	2000	0.6	0.1	0.522596
0.35	5000	0.6	0.1	0.527461
0.4	500	0.6	0.1	0.503907
0.4	1000	0.6	0.1	0.515871
0.4	2000	0.6	0.1	0.526203
0.4	5000	0.6	0.1	0.530623
0.1	500	0.6	0.2	0.491517
0.1	1000	0.6	0.2	0.50694
0.1	2000	0.6	0.2	0.515938
0.1	5000	0.6	0.2	0.519915
0.15	500	0.6	0.2	0.499084
0.15	1000	0.6	0.2	0.513416
0.15	2000	0.6	0.2	0.522246
0.15	5000	0.6	0.2	0.529069
0.2	500	0.6	0.2	0.507376
0.2	1000	0.6	0.2	0.520179
0.2	2000	0.6	0.2	0.529533
0.2	5000	0.6	0.2	0.535327
0.25	500	0.6	0.2	0.514137
0.25	1000	0.6	0.2	0.528054
0.25	2000	0.6	0.2	0.540511
0.25	5000	0.6	0.2	0.540785
0.3	500	0.6	0.2	0.521264
0.3	1000	0.6	0.2	0.533437
0.3	2000	0.6	0.2	0.546651
0.3	5000	0.6	0.2	0.54657
0.35	500	0.6	0.2	0.529973
0.35	1000	0.6	0.2	0.539856
0.35	2000	0.6	0.2	0.552061
0.35	5000	0.6	0.2	0.549968
0.4	500	0.6	0.2	0.533841
0.4	1000	0.6	0.2	0.544556
0.4	2000	0.6	0.2	0.556766
0.4	5000	0.6	0.2	0.556434
0.1	500	0.6	0.3	0.50132
0.1	1000	0.6	0.3	0.514866
0.1	2000	0.6	0.3	0.523653
0.1	5000	0.6	0.3	0.529711
0.15	500	0.6	0.3	0.513513
0.15	1000	0.6	0.3	0.525694
0.15	2000	0.6	0.3	0.538499
0.15	5000	0.6	0.3	0.539981
0.2	500	0.6	0.3	0.52545
0.2	1000	0.6	0.3	0.535603
0.2	2000	0.6	0.3	0.550323
0.2	5000	0.6	0.3	0.547767
0.25	500	0.6	0.3	0.534516
0.25	1000	0.6	0.3	0.544872
0.25	2000	0.6	0.3	0.556852
0.25	5000	0.6	0.3	0.556317
0.3	500	0.6	0.3	0.541126
0.3	1000	0.6	0.3	0.552022
0.3	2000	0.6	0.3	0.564252
0.3	5000	0.6	0.3	0.560265
0.35	500	0.6	0.3	0.548476
0.35	1000	0.6	0.3	0.561332
0.35	2000	0.6	0.3	0.573466
0.35	5000	0.6	0.3	0.566679
0.4	500	0.6	0.3	0.554965
0.4	1000	0.6	0.3	0.569
0.4	2000	0.6	0.3	0.58258
0.4	5000	0.6	0.3	0.56931
0.1	500	0.6	0.4	0.510742
0.1	1000	0.6	0.4	0.523569
0.1	2000	0.6	0.4	0.531935
0.1	5000	0.6	0.4	0.53772
0.15	500	0.6	0.4	0.526382
0.15	1000	0.6	0.4	0.536599
0.15	2000	0.6	0.4	0.552137
0.15	5000	0.6	0.4	0.548275
0.2	500	0.6	0.4	0.538322
0.2	1000	0.6	0.4	0.548141
0.2	2000	0.6	0.4	0.559459
0.2	5000	0.6	0.4	0.558443
0.25	500	0.6	0.4	0.547902
0.25	1000	0.6	0.4	0.56061
0.25	2000	0.6	0.4	0.571675
0.25	5000	0.6	0.4	0.566253
0.3	500	0.6	0.4	0.557399
0.3	1000	0.6	0.4	0.571145
0.3	2000	0.6	0.4	0.584706
0.3	5000	0.6	0.4	0.570004
0.35	500	0.6	0.4	0.56846
0.35	1000	0.6	0.4	0.583022
0.35	2000	0.6	0.4	0.589749
0.35	5000	0.6	0.4	0.575814
0.4	500	0.6	0.4	0.58049
0.4	1000	0.6	0.4	0.593005
0.4	2000	0.6	0.4	0.597035
0.4	5000	0.6	0.4	0.591529
0.1	500	0.6	0.5	0.518367
0.1	1000	0.6	0.5	0.531832
0.1	2000	0.6	0.5	0.54317
0.1	5000	0.6	0.5	0.542401
0.15	500	0.6	0.5	0.536883
0.15	1000	0.6	0.5	0.546869
0.15	2000	0.6	0.5	0.55725
0.15	5000	0.6	0.5	0.556096
0.2	500	0.6	0.5	0.549338
0.2	1000	0.6	0.5	0.56231
0.2	2000	0.6	0.5	0.573426
0.2	5000	0.6	0.5	0.566633
0.25	500	0.6	0.5	0.562789
0.25	1000	0.6	0.5	0.574377
0.25	2000	0.6	0.5	0.586342
0.25	5000	0.6	0.5	0.572774
0.3	500	0.6	0.5	0.573444
0.3	1000	0.6	0.5	0.591981
0.3	2000	0.6	0.5	0.594095
0.3	5000	0.6	0.5	0.586075
0.35	500	0.6	0.5	0.592228
0.35	1000	0.6	0.5	0.602382
0.35	2000	0.6	0.5	0.605347
0.35	5000	0.6	0.5	0.599241
0.4	500	0.6	0.5	0.598959
0.4	1000	0.6	0.5	0.611474
0.4	2000	0.6	0.5	0.612642
0.4	5000	0.6	0.5	0.598456
0.1	500	0.6	0.6	0.527738
0.1	1000	0.6	0.6	0.537743
0.1	2000	0.6	0.6	0.552692
0.1	5000	0.6	0.6	0.548648
0.15	500	0.6	0.6	0.54401
0.15	1000	0.6	0.6	0.556611
0.15	2000	0.6	0.6	0.568463
0.15	5000	0.6	0.6	0.56178
0.2	500	0.6	0.6	0.561576
0.2	1000	0.6	0.6	0.573294
0.2	2000	0.6	0.6	0.585215
0.2	5000	0.6	0.6	0.570659
0.25	500	0.6	0.6	0.576227
0.25	1000	0.6	0.6	0.593072
0.25	2000	0.6	0.6	0.594574
0.25	5000	0.6	0.6	0.586532
0.3	500	0.6	0.6	0.595484
0.3	1000	0.6	0.6	0.605594
0.3	2000	0.6	0.6	0.607798
0.3	5000	0.6	0.6	0.599044
0.35	500	0.6	0.6	0.606085
0.35	1000	0.6	0.6	0.613476
0.35	2000	0.6	0.6	0.613749
0.35	5000	0.6	0.6	0.600664
0.4	500	0.6	0.6	0.615445
0.4	1000	0.6	0.6	0.624122
0.4	2000	0.6	0.6	0.615637
0.4	5000	0.6	0.6	0.596433
0.1	500	0.6	0.7	0.535619
0.1	1000	0.6	0.7	0.545109
0.1	2000	0.6	0.7	0.555743
0.1	5000	0.6	0.7	0.554789
0.15	500	0.6	0.7	0.553252
0.15	1000	0.6	0.7	0.566303
0.15	2000	0.6	0.7	0.579022
0.15	5000	0.6	0.7	0.568227
0.2	500	0.6	0.7	0.574411
0.2	1000	0.6	0.7	0.590391
0.2	2000	0.6	0.7	0.590692
0.2	5000	0.6	0.7	0.579525
0.25	500	0.6	0.7	0.594138
0.25	1000	0.6	0.7	0.60631
0.25	2000	0.6	0.7	0.607663
0.25	5000	0.6	0.7	0.599771
0.3	500	0.6	0.7	0.606588
0.3	1000	0.6	0.7	0.614534
0.3	2000	0.6	0.7	0.613334
0.3	5000	0.6	0.7	0.601264
0.35	500	0.6	0.7	0.617806
0.35	1000	0.6	0.7	0.623881
0.35	2000	0.6	0.7	0.614471
0.35	5000	0.6	0.7	0.594492
0.4	500	0.6	0.7	0.633913
0.4	1000	0.6	0.7	0.627475
0.4	2000	0.6	0.7	0.617677
0.4	5000	0.6	0.7	0.59914
0.1	500	0.6	0.8	0.540442
0.1	1000	0.6	0.8	0.551391
0.1	2000	0.6	0.8	0.562074
0.1	5000	0.6	0.8	0.558458
0.15	500	0.6	0.8	0.562937
0.15	1000	0.6	0.8	0.573713
0.15	2000	0.6	0.8	0.586227
0.15	5000	0.6	0.8	0.570907
0.2	500	0.6	0.8	0.585659
0.2	1000	0.6	0.8	0.599434
0.2	2000	0.6	0.8	0.603596
0.2	5000	0.6	0.8	0.597064
0.25	500	0.6	0.8	0.605598
0.25	1000	0.6	0.8	0.613879
0.25	2000	0.6	0.8	0.611298
0.25	5000	0.6	0.8	0.599723
0.3	500	0.6	0.8	0.616928
0.3	1000	0.6	0.8	0.623518
0.3	2000	0.6	0.8	0.61441
0.3	5000	0.6	0.8	0.597017
0.35	500	0.6	0.8	0.63321
0.35	1000	0.6	0.8	0.627383
0.35	2000	0.6	0.8	0.615599
0.35	5000	0.6	0.8	0.600505
0.4	500	0.6	0.8	0.634518
0.4	1000	0.6	0.8	0.626635
0.4	2000	0.6	0.8	0.622338
0.4	5000	0.6	0.8	0.6012
0.1	500	0.6	0.9	0.546359
0.1	1000	0.6	0.9	0.557756
0.1	2000	0.6	0.9	0.568949
0.1	5000	0.6	0.9	0.562472
0.15	500	0.6	0.9	0.573837
0.15	1000	0.6	0.9	0.584729
0.15	2000	0.6	0.9	0.590643
0.15	5000	0.6	0.9	0.577436
0.2	500	0.6	0.9	0.596023
0.2	1000	0.6	0.9	0.608727
0.2	2000	0.6	0.9	0.610374
0.2	5000	0.6	0.9	0.598388
0.25	500	0.6	0.9	0.613968
0.25	1000	0.6	0.9	0.620882
0.25	2000	0.6	0.9	0.615986
0.25	5000	0.6	0.9	0.598044
0.3	500	0.6	0.9	0.63266
0.3	1000	0.6	0.9	0.6266
0.3	2000	0.6	0.9	0.614763
0.3	5000	0.6	0.9	0.59581
0.35	500	0.6	0.9	0.634183
0.35	1000	0.6	0.9	0.626364
0.35	2000	0.6	0.9	0.621847
0.35	5000	0.6	0.9	0.601469
0.4	500	0.6	0.9	0.638495
0.4	1000	0.6	0.9	0.632876
0.4	2000	0.6	0.9	0.618761
0.4	5000	0.6	0.9	0.589795
0.1	500	0.7	0.1	0.49907
0.1	1000	0.7	0.1	0.504868
0.1	2000	0.7	0.1	0.520042
0.1	5000	0.7	0.1	0.518782
0.15	500	0.7	0.1	0.502595
0.15	1000	0.7	0.1	0.509021
0.15	2000	0.7	0.1	0.523109
0.15	5000	0.7	0.1	0.522724
0.2	500	0.7	0.1	0.505619
0.2	1000	0.7	0.1	0.512882
0.2	2000	0.7	0.1	0.526853
0.2	5000	0.7	0.1	0.52781
0.25	500	0.7	0.1	0.509711
0.25	1000	0.7	0.1	0.515677
0.25	2000	0.7	0.1	0.530476
0.25	5000	0.7	0.1	0.531614
0.3	500	0.7	0.1	0.512565
0.3	1000	0.7	0.1	0.518446
0.3	2000	0.7	0.1	0.533302
0.3	5000	0.7	0.1	0.535158
0.35	500	0.7	0.1	0.514723
0.35	1000	0.7	0.1	0.523931
0.35	2000	0.7	0.1	0.537755
0.35	5000	0.7	0.1	0.538374
0.4	500	0.7	0.1	0.51816
0.4	1000	0.7	0.1	0.528848
0.4	2000	0.7	0.1	0.540871
0.4	5000	0.7	0.1	0.540451
0.1	500	0.7	0.2	0.508108
0.1	1000	0.7	0.2	0.514889
0.1	2000	0.7	0.2	0.528861
0.1	5000	0.7	0.2	0.530232
0.15	500	0.7	0.2	0.515034
0.15	1000	0.7	0.2	0.521968
0.15	2000	0.7	0.2	0.535839
0.15	5000	0.7	0.2	0.53759
0.2	500	0.7	0.2	0.521573
0.2	1000	0.7	0.2	0.531941
0.2	2000	0.7	0.2	0.54315
0.2	5000	0.7	0.2	0.542692
0.25	500	0.7	0.2	0.528338
0.25	1000	0.7	0.2	0.538905
0.25	2000	0.7	0.2	0.549795
0.25	5000	0.7	0.2	0.554231
0.3	500	0.7	0.2	0.534684
0.3	1000	0.7	0.2	0.543828
0.3	2000	0.7	0.2	0.555834
0.3	5000	0.7	0.2	0.562051
0.35	500	0.7	0.2	0.539954
0.35	1000	0.7	0.2	0.549238
0.35	2000	0.7	0.2	0.561861
0.35	5000	0.7	0.2	0.5673
0.4	500	0.7	0.2	0.544949
0.4	1000	0.7	0.2	0.556564
0.4	2000	0.7	0.2	0.567581
0.4	5000	0.7	0.2	0.572754
0.1	500	0.7	0.3	0.516339
0.1	1000	0.7	0.3	0.522625
0.1	2000	0.7	0.3	0.537079
0.1	5000	0.7	0.3	0.538422
0.15	500	0.7	0.3	0.525984
0.15	1000	0.7	0.3	0.536229
0.15	2000	0.7	0.3	0.548704
0.15	5000	0.7	0.3	0.553377
0.2	500	0.7	0.3	0.536535
0.2	1000	0.7	0.3	0.544995
0.2	2000	0.7	0.3	0.557882
0.2	5000	0.7	0.3	0.562674
0.25	500	0.7	0.3	0.54388
0.25	1000	0.7	0.3	0.555746
0.25	2000	0.7	0.3	0.567398
0.25	5000	0.7	0.3	0.571735
0.3	500	0.7	0.3	0.552405
0.3	1000	0.7	0.3	0.569722
0.3	2000	0.7	0.3	0.576419
0.3	5000	0.7	0.3	0.577697
0.35	500	0.7	0.3	0.560543
0.35	1000	0.7	0.3	0.579329
0.35	2000	0.7	0.3	0.582246
0.35	5000	0.7	0.3	0.582621
0.4	500	0.7	0.3	0.57006
0.4	1000	0.7	0.3	0.586437
0.4	2000	0.7	0.3	0.58841
0.4	5000	0.7	0.3	0.588151
0.1	500	0.7	0.4	0.523284
0.1	1000	0.7	0.4	0.533422
0.1	2000	0.7	0.4	0.544754
0.1	5000	0.7	0.4	0.543654
0.15	500	0.7	0.4	0.537549
0.15	1000	0.7	0.4	0.546137
0.15	2000	0.7	0.4	0.558517
0.15	5000	0.7	0.4	0.562599
0.2	500	0.7	0.4	0.548257
0.2	1000	0.7	0.4	0.560557
0.2	2000	0.7	0.4	0.572958
0.2	5000	0.7	0.4	0.575004
0.25	500	0.7	0.4	0.559826
0.25	1000	0.7	0.4	0.577705
0.25	2000	0.7	0.4	0.580557
0.25	5000	0.7	0.4	0.580462
0.3	500	0.7	0.4	0.572706
0.3	1000	0.7	0.4	0.588114
0.3	2000	0.7	0.4	0.589247
0.3	5000	0.7	0.4	0.587765
0.35	500	0.7	0.4	0.582729
0.35	1000	0.7	0.4	0.596304
0.35	2000	0.7	0.4	0.595519
0.35	5000	0.7	0.4	0.59569
0.4	500	0.7	0.4	0.588844
0.4	1000	0.7	0.4	0.599625
0.4	2000	0.7	0.4	0.603691
0.4	5000	0.7	0.4	0.601593
0.1	500	0.7	0.5	0.531672
0.1	1000	0.7	0.5	0.540923
0.1	2000	0.7	0.5	0.552664
0.1	5000	0.7	0.5	0.557567
0.15	500	0.7	0.5	0.545835
0.15	1000	0.7	0.5	0.558865
0.15	2000	0.7	0.5	0.569377
0.15	5000	0.7	0.5	0.57316
0.2	500	0.7	0.5	0.560845
0.2	1000	0.7	0.5	0.578526
0.2	2000	0.7	0.5	0.581329
0.2	5000	0.7	0.5	0.581176
0.25	500	0.7	0.5	0.576195
0.25	1000	0.7	0.5	0.592657
0.25	2000	0.7	0.5	0.591135
0.25	5000	0.7	0.5	0.593054
0.3	500	0.7	0.5	0.587182
0.3	1000	0.7	0.5	0.599959
0.3	2000	0.7	0.5	0.601667
0.3	5000	0.7	0.5	0.598772
0.35	500	0.7	0.5	0.605376
0.35	1000	0.7	0.5	0.608946
0.35	2000	0.7	0.5	0.609159
0.35	5000	0.7	0.5	0.600639
0.4	500	0.7	0.5	0.617393
0.4	1000	0.7	0.5	0.617162
0.4	2000	0.7	0.5	0.618635
0.4	5000	0.7	0.5	0.605671
0.1	500	0.7	0.6	0.538159
0.1	1000	0.7	0.6	0.547419
0.1	2000	0.7	0.6	0.559392
0.1	5000	0.7	0.6	0.562971
0.15	500	0.7	0.6	0.554963
0.15	1000	0.7	0.6	0.573298
0.15	2000	0.7	0.6	0.577227
0.15	5000	0.7	0.6	0.578695
0.2	500	0.7	0.6	0.573022
0.2	1000	0.7	0.6	0.589676
0.2	2000	0.7	0.6	0.589779
0.2	5000	0.7	0.6	0.590485
0.25	500	0.7	0.6	0.587983
0.25	1000	0.7	0.6	0.602214
0.25	2000	0.7	0.6	0.601918
0.25	5000	0.7	0.6	0.600823
0.3	500	0.7	0.6	0.611066
0.3	1000	0.7	0.6	0.61254
0.3	2000	0.7	0.6	0.614293
0.3	5000	0.7	0.6	0.605083
0.35	500	0.7	0.6	0.622173
0.35	1000	0.7	0.6	0.619627
0.35	2000	0.7	0.6	0.61709
0.35	5000	0.7	0.6	0.602939
0.4	500	0.7	0.6	0.627615
0.4	1000	0.7	0.6	0.622234
0.4	2000	0.7	0.6	0.619199
0.4	5000	0.7	0.6	0.603922
0.1	500	0.7	0.7	0.54381
0.1	1000	0.7	0.7	0.554223
0.1	2000	0.7	0.7	0.565723
0.1	5000	0.7	0.7	0.570021
0.15	500	0.7	0.7	0.566216
0.15	1000	0.7	0.7	0.583006
0.15	2000	0.7	0.7	0.584811
0.15	5000	0.7	0.7	0.584444
0.2	500	0.7	0.7	0.58505
0.2	1000	0.7	0.7	0.597758
0.2	2000	0.7	0.7	0.599469
0.2	5000	0.7	0.7	0.596631
0.25	500	0.7	0.7	0.609539
0.25	1000	0.7	0.7	0.612813
0.25	2000	0.7	0.7	0.613496
0.25	5000	0.7	0.7	0.604372
0.3	500	0.7	0.7	0.623296
0.3	1000	0.7	0.7	0.620038
0.3	2000	0.7	0.7	0.616897
0.3	5000	0.7	0.7	0.603489
0.35	500	0.7	0.7	0.629374
0.35	1000	0.7	0.7	0.622486
0.35	2000	0.7	0.7	0.616863
0.35	5000	0.7	0.7	0.603083
0.4	500	0.7	0.7	0.630992
0.4	1000	0.7	0.7	0.625407
0.4	2000	0.7	0.7	0.619117
0.4	5000	0.7	0.7	0.613841
0.1	500	0.7	0.8	0.550277
0.1	1000	0.7	0.8	0.567458
0.1	2000	0.7	0.8	0.573295
0.1	5000	0.7	0.8	0.576293
0.15	500	0.7	0.8	0.574714
0.15	1000	0.7	0.8	0.591205
0.15	2000	0.7	0.8	0.59
0.15	5000	0.7	0.8	0.590835
0.2	500	0.7	0.8	0.603169
0.2	1000	0.7	0.8	0.608989
0.2	2000	0.7	0.8	0.607963
0.2	5000	0.7	0.8	0.603724
0.25	500	0.7	0.8	0.620045
0.25	1000	0.7	0.8	0.617949
0.25	2000	0.7	0.8	0.618818
0.25	5000	0.7	0.8	0.60446
0.3	500	0.7	0.8	0.628887
0.3	1000	0.7	0.8	0.620475
0.3	2000	0.7	0.8	0.616323
0.3	5000	0.7	0.8	0.604214
0.35	500	0.7	0.8	0.631843
0.35	1000	0.7	0.8	0.62492
0.35	2000	0.7	0.8	0.618444
0.35	5000	0.7	0.8	0.612377
0.4	500	0.7	0.8	0.632627
0.4	1000	0.7	0.8	0.636882
0.4	2000	0.7	0.8	0.622026
0.4	5000	0.7	0.8	0.606887
0.1	500	0.7	0.9	0.555795
0.1	1000	0.7	0.9	0.574402
0.1	2000	0.7	0.9	0.578151
0.1	5000	0.7	0.9	0.578818
0.15	500	0.7	0.9	0.584298
0.15	1000	0.7	0.9	0.596223
0.15	2000	0.7	0.9	0.598864
0.15	5000	0.7	0.9	0.597288
0.2	500	0.7	0.9	0.611102
0.2	1000	0.7	0.9	0.614047
0.2	2000	0.7	0.9	0.61459
0.2	5000	0.7	0.9	0.604888
0.25	500	0.7	0.9	0.624856
0.25	1000	0.7	0.9	0.620623
0.25	2000	0.7	0.9	0.616425
0.25	5000	0.7	0.9	0.604903
0.3	500	0.7	0.9	0.629695
0.3	1000	0.7	0.9	0.6239
0.3	2000	0.7	0.9	0.615733
0.3	5000	0.7	0.9	0.61348
0.35	500	0.7	0.9	0.635025
0.35	1000	0.7	0.9	0.636922
0.35	2000	0.7	0.9	0.621601
0.35	5000	0.7	0.9	0.607706
0.4	500	0.7	0.9	0.640231
0.4	1000	0.7	0.9	0.627379
0.4	2000	0.7	0.9	0.615511
0.4	5000	0.7	0.9	0.595907
0.1	500	0.8	0.1	0.509274
0.1	1000	0.8	0.1	0.5163
0.1	2000	0.8	0.1	0.526594
0.1	5000	0.8	0.1	0.530884
0.15	500	0.8	0.1	0.51332
0.15	1000	0.8	0.1	0.518617
0.15	2000	0.8	0.1	0.530111
0.15	5000	0.8	0.1	0.538837
0.2	500	0.8	0.1	0.516503
0.2	1000	0.8	0.1	0.521505
0.2	2000	0.8	0.1	0.535575
0.2	5000	0.8	0.1	0.541898
0.25	500	0.8	0.1	0.519744
0.25	1000	0.8	0.1	0.530518
0.25	2000	0.8	0.1	0.539892
0.25	5000	0.8	0.1	0.545192
0.3	500	0.8	0.1	0.521874
0.3	1000	0.8	0.1	0.53706
0.3	2000	0.8	0.1	0.543911
0.3	5000	0.8	0.1	0.549809
0.35	500	0.8	0.1	0.525249
0.35	1000	0.8	0.1	0.540124
0.35	2000	0.8	0.1	0.547506
0.35	5000	0.8	0.1	0.55262
0.4	500	0.8	0.1	0.52894
0.4	1000	0.8	0.1	0.542959
0.4	2000	0.8	0.1	0.550148
0.4	5000	0.8	0.1	0.555684
0.1	500	0.8	0.2	0.51783
0.1	1000	0.8	0.2	0.527911
0.1	2000	0.8	0.2	0.536252
0.1	5000	0.8	0.2	0.543298
0.15	500	0.8	0.2	0.523974
0.15	1000	0.8	0.2	0.538429
0.15	2000	0.8	0.2	0.546372
0.15	5000	0.8	0.2	0.550651
0.2	500	0.8	0.2	0.533841
0.2	1000	0.8	0.2	0.544625
0.2	2000	0.8	0.2	0.552082
0.2	5000	0.8	0.2	0.558648
0.25	500	0.8	0.2	0.538824
0.25	1000	0.8	0.2	0.55223
0.25	2000	0.8	0.2	0.55971
0.25	5000	0.8	0.2	0.566723
0.3	500	0.8	0.2	0.545717
0.3	1000	0.8	0.2	0.558784
0.3	2000	0.8	0.2	0.567462
0.3	5000	0.8	0.2	0.571713
0.35	500	0.8	0.2	0.551981
0.35	1000	0.8	0.2	0.565906
0.35	2000	0.8	0.2	0.573893
0.35	5000	0.8	0.2	0.575382
0.4	500	0.8	0.2	0.565421
0.4	1000	0.8	0.2	0.571969
0.4	2000	0.8	0.2	0.579647
0.4	5000	0.8	0.2	0.580049
0.1	500	0.8	0.3	0.52436
0.1	1000	0.8	0.3	0.538979
0.1	2000	0.8	0.3	0.546586
0.1	5000	0.8	0.3	0.550835
0.15	500	0.8	0.3	0.537844
0.15	1000	0.8	0.3	0.5491
0.15	2000	0.8	0.3	0.55717
0.15	5000	0.8	0.3	0.564872
0.2	500	0.8	0.3	0.548232
0.2	1000	0.8	0.3	0.561051
0.2	2000	0.8	0.3	0.568466
0.2	5000	0.8	0.3	0.572699
0.25	500	0.8	0.3	0.56366
0.25	1000	0.8	0.3	0.570903
0.25	2000	0.8	0.3	0.578057
0.25	5000	0.8	0.3	0.578496
0.3	500	0.8	0.3	0.573178
0.3	1000	0.8	0.3	0.580763
0.3	2000	0.8	0.3	0.584374
0.3	5000	0.8	0.3	0.584033
0.35	500	0.8	0.3	0.582272
0.35	1000	0.8	0.3	0.58511
0.35	2000	0.8	0.3	0.589004
0.35	5000	0.8	0.3	0.58889
0.4	500	0.8	0.3	0.589254
0.4	1000	0.8	0.3	0.592231
0.4	2000	0.8	0.3	0.59292
0.4	5000	0.8	0.3	0.597368
0.1	500	0.8	0.4	0.535814
0.1	1000	0.8	0.4	0.546236
0.1	2000	0.8	0.4	0.553514
0.1	5000	0.8	0.4	0.560946
0.15	500	0.8	0.4	0.549108
0.15	1000	0.8	0.4	0.562584
0.15	2000	0.8	0.4	0.569823
0.15	5000	0.8	0.4	0.572934
0.2	500	0.8	0.4	0.567426
0.2	1000	0.8	0.4	0.575252
0.2	2000	0.8	0.4	0.581128
0.2	5000	0.8	0.4	0.582086
0.25	500	0.8	0.4	0.580884
0.25	1000	0.8	0.4	0.584981
0.25	2000	0.8	0.4	0.588569
0.25	5000	0.8	0.4	0.588096
0.3	500	0.8	0.4	0.590927
0.3	1000	0.8	0.4	0.593584
0.3	2000	0.8	0.4	0.59614
0.3	5000	0.8	0.4	0.598417
0.35	500	0.8	0.4	0.598568
0.35	1000	0.8	0.4	0.602463
0.35	2000	0.8	0.4	0.602882
0.35	5000	0.8	0.4	0.59907
0.4	500	0.8	0.4	0.607577
0.4	1000	0.8	0.4	0.607369
0.4	2000	0.8	0.4	0.605214
0.4	5000	0.8	0.4	0.605412
0.1	500	0.8	0.5	0.540675
0.1	1000	0.8	0.5	0.555304
0.1	2000	0.8	0.5	0.563484
0.1	5000	0.8	0.5	0.568363
0.15	500	0.8	0.5	0.565208
0.15	1000	0.8	0.5	0.572149
0.15	2000	0.8	0.5	0.57913
0.15	5000	0.8	0.5	0.579218
0.2	500	0.8	0.5	0.581536
0.2	1000	0.8	0.5	0.585991
0.2	2000	0.8	0.5	0.589339
0.2	5000	0.8	0.5	0.591897
0.25	500	0.8	0.5	0.594168
0.25	1000	0.8	0.5	0.597642
0.25	2000	0.8	0.5	0.598057
0.25	5000	0.8	0.5	0.600019
0.3	500	0.8	0.5	0.604723
0.3	1000	0.8	0.5	0.608122
0.3	2000	0.8	0.5	0.604003
0.3	5000	0.8	0.5	0.603104
0.35	500	0.8	0.5	0.6132
0.35	1000	0.8	0.5	0.609992
0.35	2000	0.8	0.5	0.609986
0.35	5000	0.8	0.5	0.606188
0.4	500	0.8	0.5	0.617238
0.4	1000	0.8	0.5	0.615614
0.4	2000	0.8	0.5	0.613606
0.4	5000	0.8	0.5	0.604968
0.1	500	0.8	0.6	0.549899
0.1	1000	0.8	0.6	0.5631
0.1	2000	0.8	0.6	0.570568
0.1	5000	0.8	0.6	0.573471
0.15	500	0.8	0.6	0.576543
0.15	1000	0.8	0.6	0.582568
0.15	2000	0.8	0.6	0.586285
0.15	5000	0.8	0.6	0.586262
0.2	500	0.8	0.6	0.592153
0.2	1000	0.8	0.6	0.595651
0.2	2000	0.8	0.6	0.59756
0.2	5000	0.8	0.6	0.598806
0.25	500	0.8	0.6	0.605532
0.25	1000	0.8	0.6	0.607371
0.25	2000	0.8	0.6	0.603723
0.25	5000	0.8	0.6	0.602314
0.3	500	0.8	0.6	0.614625
0.3	1000	0.8	0.6	0.610689
0.3	2000	0.8	0.6	0.609646
0.3	5000	0.8	0.6	0.606395
0.35	500	0.8	0.6	0.621244
0.35	1000	0.8	0.6	0.617542
0.35	2000	0.8	0.6	0.616743
0.35	5000	0.8	0.6	0.613351
0.4	500	0.8	0.6	0.62386
0.4	1000	0.8	0.6	0.6219
0.4	2000	0.8	0.6	0.623092
0.4	5000	0.8	0.6	0.61467
0.1	500	0.8	0.7	0.559587
0.1	1000	0.8	0.7	0.570055
0.1	2000	0.8	0.7	0.577157
0.1	5000	0.8	0.7	0.578276
0.15	500	0.8	0.7	0.585296
0.15	1000	0.8	0.7	0.58751
0.15	2000	0.8	0.7	0.593204
0.15	5000	0.8	0.7	0.592999
0.2	500	0.8	0.7	0.602627
0.2	1000	0.8	0.7	0.604036
0.2	2000	0.8	0.7	0.602283
0.2	5000	0.8	0.7	0.601257
0.25	500	0.8	0.7	0.613781
0.25	1000	0.8	0.7	0.609105
0.25	2000	0.8	0.7	0.609931
0.25	5000	0.8	0.7	0.606752
0.3	500	0.8	0.7	0.621105
0.3	1000	0.8	0.7	0.618215
0.3	2000	0.8	0.7	0.616541
0.3	5000	0.8	0.7	0.612735
0.35	500	0.8	0.7	0.623712
0.35	1000	0.8	0.7	0.620055
0.35	2000	0.8	0.7	0.625219
0.35	5000	0.8	0.7	0.613282
0.4	500	0.8	0.7	0.630533
0.4	1000	0.8	0.7	0.62504
0.4	2000	0.8	0.7	0.620757
0.4	5000	0.8	0.7	0.6121
0.1	500	0.8	0.8	0.569039
0.1	1000	0.8	0.8	0.577689
0.1	2000	0.8	0.8	0.582326
0.1	5000	0.8	0.8	0.583241
0.15	500	0.8	0.8	0.592774
0.15	1000	0.8	0.8	0.596703
0.15	2000	0.8	0.8	0.59735
0.15	5000	0.8	0.8	0.598954
0.2	500	0.8	0.8	0.612025
0.2	1000	0.8	0.8	0.609821
0.2	2000	0.8	0.8	0.605454
0.2	5000	0.8	0.8	0.602439
0.25	500	0.8	0.8	0.620536
0.25	1000	0.8	0.8	0.615317
0.25	2000	0.8	0.8	0.615375
0.25	5000	0.8	0.8	0.610366
0.3	500	0.8	0.8	0.624781
0.3	1000	0.8	0.8	0.621533
0.3	2000	0.8	0.8	0.620204
0.3	5000	0.8	0.8	0.613517
0.35	500	0.8	0.8	0.630096
0.35	1000	0.8	0.8	0.625448
0.35	2000	0.8	0.8	0.620542
0.35	5000	0.8	0.8	0.613184
0.4	500	0.8	0.8	0.632849
0.4	1000	0.8	0.8	0.626166
0.4	2000	0.8	0.8	0.618249
0.4	5000	0.8	0.8	0.607579
0.1	500	0.8	0.9	0.577105
0.1	1000	0.8	0.9	0.583509
0.1	2000	0.8	0.9	0.586745
0.1	5000	0.8	0.9	0.586647
0.15	500	0.8	0.9	0.60256
0.15	1000	0.8	0.9	0.604265
0.15	2000	0.8	0.9	0.60284
0.15	5000	0.8	0.9	0.599921
0.2	500	0.8	0.9	0.617605
0.2	1000	0.8	0.9	0.613757
0.2	2000	0.8	0.9	0.612247
0.2	5000	0.8	0.9	0.609979
0.25	500	0.8	0.9	0.624355
0.25	1000	0.8	0.9	0.622428
0.25	2000	0.8	0.9	0.615229
0.25	5000	0.8	0.9	0.610497
0.3	500	0.8	0.9	0.631157
0.3	1000	0.8	0.9	0.625794
0.3	2000	0.8	0.9	0.622276
0.3	5000	0.8	0.9	0.61577
0.35	500	0.8	0.9	0.634234
0.35	1000	0.8	0.9	0.625571
0.35	2000	0.8	0.9	0.618045
0.35	5000	0.8	0.9	0.608013
0.4	500	0.8	0.9	0.627573
0.4	1000	0.8	0.9	0.620067
0.4	2000	0.8	0.9	0.615626
0.4	5000	0.8	0.9	0.60773
0.1	500	0.9	0.1	0.527652
0.1	1000	0.9	0.1	0.531011
0.1	2000	0.9	0.1	0.534228
0.1	5000	0.9	0.1	0.541159
0.15	500	0.9	0.1	0.529658
0.15	1000	0.9	0.1	0.53478
0.15	2000	0.9	0.1	0.540864
0.15	5000	0.9	0.1	0.544697
0.2	500	0.9	0.1	0.533619
0.2	1000	0.9	0.1	0.539356
0.2	2000	0.9	0.1	0.545453
0.2	5000	0.9	0.1	0.550981
0.25	500	0.9	0.1	0.536719
0.25	1000	0.9	0.1	0.545866
0.25	2000	0.9	0.1	0.552113
0.25	5000	0.9	0.1	0.555252
0.3	500	0.9	0.1	0.542046
0.3	1000	0.9	0.1	0.551786
0.3	2000	0.9	0.1	0.556107
0.3	5000	0.9	0.1	0.558499
0.35	500	0.9	0.1	0.548045
0.35	1000	0.9	0.1	0.556243
0.35	2000	0.9	0.1	0.560376
0.35	5000	0.9	0.1	0.563123
0.4	500	0.9	0.1	0.552755
0.4	1000	0.9	0.1	0.559556
0.4	2000	0.9	0.1	0.563404
0.4	5000	0.9	0.1	0.566181
0.1	500	0.9	0.2	0.53414
0.1	1000	0.9	0.2	0.540402
0.1	2000	0.9	0.2	0.547939
0.1	5000	0.9	0.2	0.552424
0.15	500	0.9	0.2	0.545527
0.15	1000	0.9	0.2	0.553701
0.15	2000	0.9	0.2	0.557192
0.15	5000	0.9	0.2	0.559912
0.2	500	0.9	0.2	0.554476
0.2	1000	0.9	0.2	0.561391
0.2	2000	0.9	0.2	0.564783
0.2	5000	0.9	0.2	0.567474
0.25	500	0.9	0.2	0.560617
0.25	1000	0.9	0.2	0.568563
0.25	2000	0.9	0.2	0.570743
0.25	5000	0.9	0.2	0.572658
0.3	500	0.9	0.2	0.567895
0.3	1000	0.9	0.2	0.575195
0.3	2000	0.9	0.2	0.575491
0.3	5000	0.9	0.2	0.575762
0.35	500	0.9	0.2	0.576699
0.35	1000	0.9	0.2	0.580185
0.35	2000	0.9	0.2	0.579146
0.35	5000	0.9	0.2	0.58096
0.4	500	0.9	0.2	0.579749
0.4	1000	0.9	0.2	0.583803
0.4	2000	0.9	0.2	0.584755
0.4	5000	0.9	0.2	0.585383
0.1	500	0.9	0.3	0.546039
0.1	1000	0.9	0.3	0.554349
0.1	2000	0.9	0.3	0.558252
0.1	5000	0.9	0.3	0.56011
0.15	500	0.9	0.3	0.559754
0.15	1000	0.9	0.3	0.568087
0.15	2000	0.9	0.3	0.568664
0.15	5000	0.9	0.3	0.571909
0.2	500	0.9	0.3	0.569638
0.2	1000	0.9	0.3	0.576417
0.2	2000	0.9	0.3	0.576003
0.2	5000	0.9	0.3	0.576845
0.25	500	0.9	0.3	0.579109
0.25	1000	0.9	0.3	0.582835
0.25	2000	0.9	0.3	0.581913
0.25	5000	0.9	0.3	0.585061
0.3	500	0.9	0.3	0.586658
0.3	1000	0.9	0.3	0.588346
0.3	2000	0.9	0.3	0.588684
0.3	5000	0.9	0.3	0.592786
0.35	500	0.9	0.3	0.592265
0.35	1000	0.9	0.3	0.596529
0.35	2000	0.9	0.3	0.599187
0.35	5000	0.9	0.3	0.594897
0.4	500	0.9	0.3	0.599403
0.4	1000	0.9	0.3	0.602177
0.4	2000	0.9	0.3	0.600495
0.4	5000	0.9	0.3	0.596132
0.1	500	0.9	0.4	0.556209
0.1	1000	0.9	0.4	0.562865
0.1	2000	0.9	0.4	0.566058
0.1	5000	0.9	0.4	0.568961
0.15	500	0.9	0.4	0.570726
0.15	1000	0.9	0.4	0.576857
0.15	2000	0.9	0.4	0.576243
0.15	5000	0.9	0.4	0.577391
0.2	500	0.9	0.4	0.581548
0.2	1000	0.9	0.4	0.585335
0.2	2000	0.9	0.4	0.585426
0.2	5000	0.9	0.4	0.586781
0.25	500	0.9	0.4	0.593878
0.25	1000	0.9	0.4	0.594079
0.25	2000	0.9	0.4	0.597623
0.25	5000	0.9	0.4	0.595265
0.3	500	0.9	0.4	0.600655
0.3	1000	0.9	0.4	0.603103
0.3	2000	0.9	0.4	0.600647
0.3	5000	0.9	0.4	0.595632
0.35	500	0.9	0.4	0.603424
0.35	1000	0.9	0.4	0.605502
0.35	2000	0.9	0.4	0.600336
0.35	5000	0.9	0.4	0.602158
0.4	500	0.9	0.4	0.607421
0.4	1000	0.9	0.4	0.605646
0.4	2000	0.9	0.4	0.606342
0.4	5000	0.9	0.4	0.611474
0.1	500	0.9	0.5	0.563083
0.1	1000	0.9	0.5	0.57072
0.1	2000	0.9	0.5	0.573407
0.1	5000	0.9	0.5	0.572795
0.15	500	0.9	0.5	0.580629
0.15	1000	0.9	0.5	0.584019
0.15	2000	0.9	0.5	0.584071
0.15	5000	0.9	0.5	0.586761
0.2	500	0.9	0.5	0.594023
0.2	1000	0.9	0.5	0.594896
0.2	2000	0.9	0.5	0.597786
0.2	5000	0.9	0.5	0.595409
0.25	500	0.9	0.5	0.601851
0.25	1000	0.9	0.5	0.604203
0.25	2000	0.9	0.5	0.600819
0.25	5000	0.9	0.5	0.595946
0.3	500	0.9	0.5	0.604663
0.3	1000	0.9	0.5	0.604291
0.3	2000	0.9	0.5	0.6049
0.3	5000	0.9	0.5	0.605747
0.35	500	0.9	0.5	0.614021
0.35	1000	0.9	0.5	0.609026
0.35	2000	0.9	0.5	0.612234
0.35	5000	0.9	0.5	0.60847
0.4	500	0.9	0.5	0.617933
0.4	1000	0.9	0.5	0.616499
0.4	2000	0.9	0.5	0.6155
0.4	5000	0.9	0.5	0.618895
0.1	500	0.9	0.6	0.570708
0.1	1000	0.9	0.6	0.577016
0.1	2000	0.9	0.6	0.576733
0.1	5000	0.9	0.6	0.577803
0.15	500	0.9	0.6	0.58837
0.15	1000	0.9	0.6	0.592722
0.15	2000	0.9	0.6	0.592692
0.15	5000	0.9	0.6	0.593637
0.2	500	0.9	0.6	0.600829
0.2	1000	0.9	0.6	0.603725
0.2	2000	0.9	0.6	0.600508
0.2	5000	0.9	0.6	0.594723
0.25	500	0.9	0.6	0.604697
0.25	1000	0.9	0.6	0.604735
0.25	2000	0.9	0.6	0.606798
0.25	5000	0.9	0.6	0.605002
0.3	500	0.9	0.6	0.613926
0.3	1000	0.9	0.6	0.612846
0.3	2000	0.9	0.6	0.611165
0.3	5000	0.9	0.6	0.610435
0.35	500	0.9	0.6	0.621985
0.35	1000	0.9	0.6	0.619996
0.35	2000	0.9	0.6	0.621729
0.35	5000	0.9	0.6	0.616745
0.4	500	0.9	0.6	0.625586
0.4	1000	0.9	0.6	0.620978
0.4	2000	0.9	0.6	0.619512
0.4	5000	0.9	0.6	0.61483
0.1	500	0.9	0.7	0.578999
0.1	1000	0.9	0.7	0.58223
0.1	2000	0.9	0.7	0.581362
0.1	5000	0.9	0.7	0.585515
0.15	500	0.9	0.7	0.596103
0.15	1000	0.9	0.7	0.598861
0.15	2000	0.9	0.7	0.598627
0.15	5000	0.9	0.7	0.596131
0.2	500	0.9	0.7	0.603289
0.2	1000	0.9	0.7	0.604729
0.2	2000	0.9	0.7	0.600978
0.2	5000	0.9	0.7	0.603344
0.25	500	0.9	0.7	0.613094
0.25	1000	0.9	0.7	0.610514
0.25	2000	0.9	0.7	0.611501
0.25	5000	0.9	0.7	0.607523
0.3	500	0.9	0.7	0.622384
0.3	1000	0.9	0.7	0.619959
0.3	2000	0.9	0.7	0.622775
0.3	5000	0.9	0.7	0.618053
0.35	500	0.9	0.7	0.623117
0.35	1000	0.9	0.7	0.620259
0.35	2000	0.9	0.7	0.617624
0.35	5000	0.9	0.7	0.615198
0.4	500	0.9	0.7	0.62031
0.4	1000	0.9	0.7	0.617529
0.4	2000	0.9	0.7	0.613276
0.4	5000	0.9	0.7	0.608786
0.1	500	0.9	0.8	0.582446
0.1	1000	0.9	0.8	0.586695
0.1	2000	0.9	0.8	0.589178
0.1	5000	0.9	0.8	0.589938
0.15	500	0.9	0.8	0.602204
0.15	1000	0.9	0.8	0.604141
0.15	2000	0.9	0.8	0.599796
0.15	5000	0.9	0.8	0.594815
0.2	500	0.9	0.8	0.606323
0.2	1000	0.9	0.8	0.608244
0.2	2000	0.9	0.8	0.607337
0.2	5000	0.9	0.8	0.603877
0.25	500	0.9	0.8	0.621383
0.25	1000	0.9	0.8	0.619501
0.25	2000	0.9	0.8	0.615584
0.25	5000	0.9	0.8	0.614931
0.3	500	0.9	0.8	0.622191
0.3	1000	0.9	0.8	0.619308
0.3	2000	0.9	0.8	0.618726
0.3	5000	0.9	0.8	0.614772
0.35	500	0.9	0.8	0.619483
0.35	1000	0.9	0.8	0.615316
0.35	2000	0.9	0.8	0.613196
0.35	5000	0.9	0.8	0.608527
0.4	500	0.9	0.8	0.621088
0.4	1000	0.9	0.8	0.619098
0.4	2000	0.9	0.8	0.613508
0.4	5000	0.9	0.8	0.611223
0.1	500	0.9	0.9	0.592083
0.1	1000	0.9	0.9	0.593057
0.1	2000	0.9	0.9	0.592965
0.1	5000	0.9	0.9	0.593804
0.15	500	0.9	0.9	0.603102
0.15	1000	0.9	0.9	0.604728
0.15	2000	0.9	0.9	0.600579
0.15	5000	0.9	0.9	0.601333
0.2	500	0.9	0.9	0.615715
0.2	1000	0.9	0.9	0.613474
0.2	2000	0.9	0.9	0.614896
0.2	5000	0.9	0.9	0.611706
0.25	500	0.9	0.9	0.619678
0.25	1000	0.9	0.9	0.621065
0.25	2000	0.9	0.9	0.616724
0.25	5000	0.9	0.9	0.614376
0.3	500	0.9	0.9	0.621063
0.3	1000	0.9	0.9	0.6164
0.3	2000	0.9	0.9	0.613962
0.3	5000	0.9	0.9	0.612698
0.35	500	0.9	0.9	0.620216
0.35	1000	0.9	0.9	0.619018
0.35	2000	0.9	0.9	0.612188
0.35	5000	0.9	0.9	0.610811
0.4	500	0.9	0.9	0.61939
0.4	1000	0.9	0.9	0.614464
0.4	2000	0.9	0.9	0.611454
0.4	5000	0.9	0.9	0.60736
