s	mu	alpha	lambda	MAP
0.1	100	0.1	0.1	0.500562
0.1	500	0.1	0.1	0.41276
0.1	1000	0.1	0.1	0.440382
0.1	2000	0.1	0.1	0.461434
0.1	5000	0.1	0.1	0.476879
0.1	10000	0.1	0.1	0.470321
0.15	100	0.1	0.1	0.376319
0.15	500	0.1	0.1	0.419506
0.15	1000	0.1	0.1	0.44509
0.15	2000	0.1	0.1	0.466915
0.15	5000	0.1	0.1	0.481227
0.15	10000	0.1	0.1	0.474455
0.2	100	0.1	0.1	0.383708
0.2	500	0.1	0.1	0.425262
0.2	1000	0.1	0.1	0.449825
0.2	2000	0.1	0.1	0.472046
0.2	5000	0.1	0.1	0.484504
0.2	10000	0.1	0.1	0.478413
0.25	100	0.1	0.1	0.388926
0.25	500	0.1	0.1	0.434345
0.25	1000	0.1	0.1	0.454638
0.25	2000	0.1	0.1	0.475096
0.25	5000	0.1	0.1	0.489121
0.25	10000	0.1	0.1	0.484829
0.3	100	0.1	0.1	0.396299
0.3	500	0.1	0.1	0.438335
0.3	1000	0.1	0.1	0.460194
0.3	2000	0.1	0.1	0.479579
0.3	5000	0.1	0.1	0.493515
0.3	10000	0.1	0.1	0.486824
0.35	100	0.1	0.1	0.402576
0.35	500	0.1	0.1	0.444515
0.35	1000	0.1	0.1	0.465825
0.35	2000	0.1	0.1	0.490225
0.35	5000	0.1	0.1	0.496547
0.35	10000	0.1	0.1	0.489235
0.4	100	0.1	0.1	0.412864
0.4	500	0.1	0.1	0.451412
0.4	1000	0.1	0.1	0.469646
0.4	2000	0.1	0.1	0.493721
0.4	5000	0.1	0.1	0.499256
0.4	10000	0.1	0.1	0.49114
0.1	100	0.1	0.2	0.387194
0.1	500	0.1	0.2	0.434206
0.1	1000	0.1	0.2	0.456856
0.1	2000	0.1	0.2	0.477296
0.1	5000	0.1	0.2	0.490705
0.1	10000	0.1	0.2	0.483696
0.15	100	0.1	0.2	0.403121
0.15	500	0.1	0.2	0.447008
0.15	1000	0.1	0.2	0.470204
0.15	2000	0.1	0.2	0.492833
0.15	5000	0.1	0.2	0.499577
0.15	10000	0.1	0.2	0.490493
0.2	100	0.1	0.2	0.4195
0.2	500	0.1	0.2	0.459725
0.2	1000	0.1	0.2	0.482796
0.2	2000	0.1	0.2	0.506207
0.2	5000	0.1	0.2	0.507773
0.2	10000	0.1	0.2	0.497242
0.25	100	0.1	0.2	0.428114
0.25	500	0.1	0.2	0.471286
0.25	1000	0.1	0.2	0.496677
0.25	2000	0.1	0.2	0.513945
0.25	5000	0.1	0.2	0.517625
0.25	10000	0.1	0.2	0.503968
0.3	100	0.1	0.2	0.440875
0.3	500	0.1	0.2	0.487993
0.3	1000	0.1	0.2	0.508131
0.3	2000	0.1	0.2	0.525119
0.3	5000	0.1	0.2	0.522601
0.3	10000	0.1	0.2	0.510253
0.35	100	0.1	0.2	0.460042
0.35	500	0.1	0.2	0.497792
0.35	1000	0.1	0.2	0.51811
0.35	2000	0.1	0.2	0.533082
0.35	5000	0.1	0.2	0.534214
0.35	10000	0.1	0.2	0.516034
0.4	100	0.1	0.2	0.471833
0.4	500	0.1	0.2	0.507228
0.4	1000	0.1	0.2	0.526302
0.4	2000	0.1	0.2	0.539767
0.4	5000	0.1	0.2	0.541275
0.4	10000	0.1	0.2	0.520734
0.1	100	0.1	0.3	0.404361
0.1	500	0.1	0.3	0.449961
0.1	1000	0.1	0.3	0.474727
0.1	2000	0.1	0.3	0.498909
0.1	5000	0.1	0.3	0.50124
0.1	10000	0.1	0.3	0.491836
0.15	100	0.1	0.3	0.426832
0.15	500	0.1	0.3	0.469001
0.15	1000	0.1	0.3	0.49603
0.15	2000	0.1	0.3	0.51503
0.15	5000	0.1	0.3	0.51757
0.15	10000	0.1	0.3	0.503462
0.2	100	0.1	0.3	0.451592
0.2	500	0.1	0.3	0.491234
0.2	1000	0.1	0.3	0.511937
0.2	2000	0.1	0.3	0.52916
0.2	5000	0.1	0.3	0.529929
0.2	10000	0.1	0.3	0.514772
0.25	100	0.1	0.3	0.472067
0.25	500	0.1	0.3	0.508893
0.25	1000	0.1	0.3	0.527504
0.25	2000	0.1	0.3	0.542854
0.25	5000	0.1	0.3	0.545169
0.25	10000	0.1	0.3	0.525327
0.3	100	0.1	0.3	0.49143
0.3	500	0.1	0.3	0.520605
0.3	1000	0.1	0.3	0.541876
0.3	2000	0.1	0.3	0.555211
0.3	5000	0.1	0.3	0.555379
0.3	10000	0.1	0.3	0.530876
0.35	100	0.1	0.3	0.513039
0.35	500	0.1	0.3	0.53624
0.35	1000	0.1	0.3	0.555928
0.35	2000	0.1	0.3	0.569178
0.35	5000	0.1	0.3	0.563276
0.35	10000	0.1	0.3	0.541555
0.4	100	0.1	0.3	0.529047
0.4	500	0.1	0.3	0.548522
0.4	1000	0.1	0.3	0.566244
0.4	2000	0.1	0.3	0.577768
0.4	5000	0.1	0.3	0.571651
0.4	10000	0.1	0.3	0.547754
0.1	100	0.1	0.4	0.42123
0.1	500	0.1	0.4	0.464696
0.1	1000	0.1	0.4	0.487906
0.1	2000	0.1	0.4	0.51211
0.1	5000	0.1	0.4	0.517689
0.1	10000	0.1	0.4	0.503008
0.15	100	0.1	0.4	0.454646
0.15	500	0.1	0.4	0.495341
0.15	1000	0.1	0.4	0.513832
0.15	2000	0.1	0.4	0.530813
0.15	5000	0.1	0.4	0.531521
0.15	10000	0.1	0.4	0.517672
0.2	100	0.1	0.4	0.481426
0.2	500	0.1	0.4	0.514308
0.2	1000	0.1	0.4	0.53518
0.2	2000	0.1	0.4	0.549403
0.2	5000	0.1	0.4	0.550127
0.2	10000	0.1	0.4	0.528804
0.25	100	0.1	0.4	0.508244
0.25	500	0.1	0.4	0.533763
0.25	1000	0.1	0.4	0.554939
0.25	2000	0.1	0.4	0.568646
0.25	5000	0.1	0.4	0.562051
0.25	10000	0.1	0.4	0.541923
0.3	100	0.1	0.4	0.531175
0.3	500	0.1	0.4	0.551812
0.3	1000	0.1	0.4	0.569165
0.3	2000	0.1	0.4	0.57959
0.3	5000	0.1	0.4	0.57417
0.3	10000	0.1	0.4	0.550355
0.35	100	0.1	0.4	0.550904
0.35	500	0.1	0.4	0.571764
0.35	1000	0.1	0.4	0.584947
0.35	2000	0.1	0.4	0.595925
0.35	5000	0.1	0.4	0.587634
0.35	10000	0.1	0.4	0.557301
0.4	100	0.1	0.4	0.565546
0.4	500	0.1	0.4	0.584093
0.4	1000	0.1	0.4	0.60046
0.4	2000	0.1	0.4	0.610045
0.4	5000	0.1	0.4	0.59071
0.4	10000	0.1	0.4	0.561629
0.1	100	0.1	0.5	0.436653
0.1	500	0.1	0.5	0.478974
0.1	1000	0.1	0.5	0.505643
0.1	2000	0.1	0.5	0.521486
0.1	5000	0.1	0.5	0.525653
0.1	10000	0.1	0.5	0.513198
0.15	100	0.1	0.5	0.476899
0.15	500	0.1	0.5	0.511828
0.15	1000	0.1	0.5	0.531875
0.15	2000	0.1	0.5	0.547133
0.15	5000	0.1	0.5	0.548776
0.15	10000	0.1	0.5	0.52749
0.2	100	0.1	0.5	0.511097
0.2	500	0.1	0.5	0.536951
0.2	1000	0.1	0.5	0.556567
0.2	2000	0.1	0.5	0.569392
0.2	5000	0.1	0.5	0.565225
0.2	10000	0.1	0.5	0.542698
0.25	100	0.1	0.5	0.540568
0.25	500	0.1	0.5	0.55939
0.25	1000	0.1	0.5	0.574535
0.25	2000	0.1	0.5	0.582721
0.25	5000	0.1	0.5	0.581509
0.25	10000	0.1	0.5	0.552857
0.3	100	0.1	0.5	0.558146
0.3	500	0.1	0.5	0.580535
0.3	1000	0.1	0.5	0.598153
0.3	2000	0.1	0.5	0.607311
0.3	5000	0.1	0.5	0.588515
0.3	10000	0.1	0.5	0.560241
0.35	100	0.1	0.5	0.574034
0.35	500	0.1	0.5	0.597137
0.35	1000	0.1	0.5	0.612794
0.35	2000	0.1	0.5	0.621139
0.35	5000	0.1	0.5	0.599501
0.35	10000	0.1	0.5	0.566596
0.4	100	0.1	0.5	0.587536
0.4	500	0.1	0.5	0.609496
0.4	1000	0.1	0.5	0.622828
0.4	2000	0.1	0.5	0.632675
0.4	5000	0.1	0.5	0.607176
0.4	10000	0.1	0.5	0.573054
0.1	100	0.1	0.6	0.456424
0.1	500	0.1	0.6	0.498077
0.1	1000	0.1	0.6	0.517244
0.1	2000	0.1	0.6	0.532066
0.1	5000	0.1	0.6	0.534072
0.1	10000	0.1	0.6	0.520088
0.15	100	0.1	0.6	0.500625
0.15	500	0.1	0.6	0.526676
0.15	1000	0.1	0.6	0.54715
0.15	2000	0.1	0.6	0.562962
0.15	5000	0.1	0.6	0.557747
0.15	10000	0.1	0.6	0.538084
0.2	100	0.1	0.6	0.53671
0.2	500	0.1	0.6	0.556158
0.2	1000	0.1	0.6	0.571168
0.2	2000	0.1	0.6	0.58084
0.2	5000	0.1	0.6	0.580813
0.2	10000	0.1	0.6	0.553082
0.25	100	0.1	0.6	0.559119
0.25	500	0.1	0.6	0.582097
0.25	1000	0.1	0.6	0.601633
0.25	2000	0.1	0.6	0.610296
0.25	5000	0.1	0.6	0.589453
0.25	10000	0.1	0.6	0.560371
0.3	100	0.1	0.6	0.579353
0.3	500	0.1	0.6	0.60053
0.3	1000	0.1	0.6	0.614183
0.3	2000	0.1	0.6	0.624717
0.3	5000	0.1	0.6	0.601027
0.3	10000	0.1	0.6	0.570963
0.35	100	0.1	0.6	0.590707
0.35	500	0.1	0.6	0.615003
0.35	1000	0.1	0.6	0.626325
0.35	2000	0.1	0.6	0.637316
0.35	5000	0.1	0.6	0.613659
0.35	10000	0.1	0.6	0.580696
0.4	100	0.1	0.6	0.60642
0.4	500	0.1	0.6	0.637871
0.4	1000	0.1	0.6	0.648085
0.4	2000	0.1	0.6	0.648577
0.4	5000	0.1	0.6	0.624252
0.4	10000	0.1	0.6	0.592724
0.1	100	0.1	0.7	0.472159
0.1	500	0.1	0.7	0.510077
0.1	1000	0.1	0.7	0.528799
0.1	2000	0.1	0.7	0.543481
0.1	5000	0.1	0.7	0.545613
0.1	10000	0.1	0.7	0.526415
0.15	100	0.1	0.7	0.520696
0.15	500	0.1	0.7	0.543129
0.15	1000	0.1	0.7	0.561466
0.15	2000	0.1	0.7	0.573543
0.15	5000	0.1	0.7	0.568924
0.15	10000	0.1	0.7	0.547605
0.2	100	0.1	0.7	0.552334
0.2	500	0.1	0.7	0.575828
0.2	1000	0.1	0.7	0.592403
0.2	2000	0.1	0.7	0.602486
0.2	5000	0.1	0.7	0.588622
0.2	10000	0.1	0.7	0.559094
0.25	100	0.1	0.7	0.577639
0.25	500	0.1	0.7	0.599219
0.25	1000	0.1	0.7	0.611274
0.25	2000	0.1	0.7	0.623699
0.25	5000	0.1	0.7	0.600483
0.25	10000	0.1	0.7	0.570132
0.3	100	0.1	0.7	0.591104
0.3	500	0.1	0.7	0.616166
0.3	1000	0.1	0.7	0.627964
0.3	2000	0.1	0.7	0.638072
0.3	5000	0.1	0.7	0.609764
0.3	10000	0.1	0.7	0.581005
0.35	100	0.1	0.7	0.606362
0.35	500	0.1	0.7	0.63959
0.35	1000	0.1	0.7	0.650859
0.35	2000	0.1	0.7	0.649345
0.35	5000	0.1	0.7	0.624836
0.35	10000	0.1	0.7	0.59419
0.4	100	0.1	0.7	0.60952
0.4	500	0.1	0.7	0.649527
0.4	1000	0.1	0.7	0.658557
0.4	2000	0.1	0.7	0.657538
0.4	5000	0.1	0.7	0.634037
0.4	10000	0.1	0.7	0.601898
0.1	100	0.1	0.8	0.485696
0.1	500	0.1	0.8	0.519407
0.1	1000	0.1	0.8	0.537565
0.1	2000	0.1	0.8	0.554362
0.1	5000	0.1	0.8	0.551523
0.1	10000	0.1	0.8	0.531585
0.15	100	0.1	0.8	0.538041
0.15	500	0.1	0.8	0.558158
0.15	1000	0.1	0.8	0.571374
0.15	2000	0.1	0.8	0.582248
0.15	5000	0.1	0.8	0.582756
0.15	10000	0.1	0.8	0.553537
0.2	100	0.1	0.8	0.565173
0.2	500	0.1	0.8	0.591952
0.2	1000	0.1	0.8	0.607241
0.2	2000	0.1	0.8	0.617098
0.2	5000	0.1	0.8	0.597274
0.2	10000	0.1	0.8	0.564367
0.25	100	0.1	0.8	0.585173
0.25	500	0.1	0.8	0.610533
0.25	1000	0.1	0.8	0.623179
0.25	2000	0.1	0.8	0.63047
0.25	5000	0.1	0.8	0.608446
0.25	10000	0.1	0.8	0.576434
0.3	100	0.1	0.8	0.603239
0.3	500	0.1	0.8	0.633719
0.3	1000	0.1	0.8	0.651643
0.3	2000	0.1	0.8	0.648818
0.3	5000	0.1	0.8	0.624694
0.3	10000	0.1	0.8	0.595215
0.35	100	0.1	0.8	0.607708
0.35	500	0.1	0.8	0.650477
0.35	1000	0.1	0.8	0.65825
0.35	2000	0.1	0.8	0.657864
0.35	5000	0.1	0.8	0.634255
0.35	10000	0.1	0.8	0.60012
0.4	100	0.1	0.8	0.604761
0.4	500	0.1	0.8	0.653941
0.4	1000	0.1	0.8	0.656583
0.4	2000	0.1	0.8	0.653463
0.4	5000	0.1	0.8	0.633059
0.4	10000	0.1	0.8	0.605986
0.1	100	0.1	0.9	0.50354
0.1	500	0.1	0.9	0.528883
0.1	1000	0.1	0.9	0.549043
0.1	2000	0.1	0.9	0.564593
0.1	5000	0.1	0.9	0.559304
0.1	10000	0.1	0.9	0.540428
0.15	100	0.1	0.9	0.551305
0.15	500	0.1	0.9	0.572825
0.15	1000	0.1	0.9	0.593191
0.15	2000	0.1	0.9	0.601779
0.15	5000	0.1	0.9	0.586968
0.15	10000	0.1	0.9	0.55767
0.2	100	0.1	0.9	0.580019
0.2	500	0.1	0.9	0.601609
0.2	1000	0.1	0.9	0.616111
0.2	2000	0.1	0.9	0.626302
0.2	5000	0.1	0.9	0.605111
0.2	10000	0.1	0.9	0.569373
0.25	100	0.1	0.9	0.595238
0.25	500	0.1	0.9	0.621876
0.25	1000	0.1	0.9	0.641661
0.25	2000	0.1	0.9	0.648038
0.25	5000	0.1	0.9	0.6247
0.25	10000	0.1	0.9	0.588926
0.3	100	0.1	0.9	0.607746
0.3	500	0.1	0.9	0.645003
0.3	1000	0.1	0.9	0.652251
0.3	2000	0.1	0.9	0.657602
0.3	5000	0.1	0.9	0.627486
0.3	10000	0.1	0.9	0.597589
0.35	100	0.1	0.9	0.599058
0.35	500	0.1	0.9	0.655115
0.35	1000	0.1	0.9	0.657063
0.35	2000	0.1	0.9	0.654006
0.35	5000	0.1	0.9	0.63289
0.35	10000	0.1	0.9	0.605775
0.4	100	0.1	0.9	0.585919
0.4	500	0.1	0.9	0.646676
0.4	1000	0.1	0.9	0.65071
0.4	2000	0.1	0.9	0.646668
0.4	5000	0.1	0.9	0.622441
0.4	10000	0.1	0.9	0.595438
0.1	100	0.2	0.1	0.384775
0.1	500	0.2	0.1	0.432641
0.1	1000	0.2	0.1	0.4524
0.1	2000	0.2	0.1	0.476379
0.1	5000	0.2	0.1	0.494728
0.1	10000	0.2	0.1	0.492728
0.15	100	0.2	0.1	0.392634
0.15	500	0.2	0.1	0.439154
0.15	1000	0.2	0.1	0.457458
0.15	2000	0.2	0.1	0.481089
0.15	5000	0.2	0.1	0.503852
0.15	10000	0.2	0.1	0.497706
0.2	100	0.2	0.1	0.406514
0.2	500	0.2	0.1	0.443557
0.2	1000	0.2	0.1	0.464774
0.2	2000	0.2	0.1	0.491757
0.2	5000	0.2	0.1	0.508719
0.2	10000	0.2	0.1	0.502714
0.25	100	0.2	0.1	0.413317
0.25	500	0.2	0.1	0.452324
0.25	1000	0.2	0.1	0.469669
0.25	2000	0.2	0.1	0.495735
0.25	5000	0.2	0.1	0.513882
0.25	10000	0.2	0.1	0.506759
0.3	100	0.2	0.1	0.417141
0.3	500	0.2	0.1	0.459587
0.3	1000	0.2	0.1	0.476593
0.3	2000	0.2	0.1	0.500412
0.3	5000	0.2	0.1	0.517374
0.3	10000	0.2	0.1	0.510021
0.35	100	0.2	0.1	0.423299
0.35	500	0.2	0.1	0.465411
0.35	1000	0.2	0.1	0.486142
0.35	2000	0.2	0.1	0.505258
0.35	5000	0.2	0.1	0.523242
0.35	10000	0.2	0.1	0.513031
0.4	100	0.2	0.1	0.42875
0.4	500	0.2	0.1	0.470004
0.4	1000	0.2	0.1	0.493602
0.4	2000	0.2	0.1	0.509739
0.4	5000	0.2	0.1	0.526119
0.4	10000	0.2	0.1	0.516898
0.1	100	0.2	0.2	0.41035
0.1	500	0.2	0.2	0.448669
0.1	1000	0.2	0.2	0.470516
0.1	2000	0.2	0.2	0.496881
0.1	5000	0.2	0.2	0.512898
0.1	10000	0.2	0.2	0.505607
0.15	100	0.2	0.2	0.423627
0.15	500	0.2	0.2	0.464633
0.15	1000	0.2	0.2	0.485555
0.15	2000	0.2	0.2	0.507614
0.15	5000	0.2	0.2	0.523172
0.15	10000	0.2	0.2	0.513098
0.2	100	0.2	0.2	0.434473
0.2	500	0.2	0.2	0.477347
0.2	1000	0.2	0.2	0.502836
0.2	2000	0.2	0.2	0.518537
0.2	5000	0.2	0.2	0.531624
0.2	10000	0.2	0.2	0.521521
0.25	100	0.2	0.2	0.447158
0.25	500	0.2	0.2	0.493409
0.25	1000	0.2	0.2	0.513315
0.25	2000	0.2	0.2	0.530441
0.25	5000	0.2	0.2	0.540411
0.25	10000	0.2	0.2	0.52883
0.3	100	0.2	0.2	0.466643
0.3	500	0.2	0.2	0.503806
0.3	1000	0.2	0.2	0.521653
0.3	2000	0.2	0.2	0.542093
0.3	5000	0.2	0.2	0.550311
0.3	10000	0.2	0.2	0.539885
0.35	100	0.2	0.2	0.478828
0.35	500	0.2	0.2	0.510417
0.35	1000	0.2	0.2	0.531288
0.35	2000	0.2	0.2	0.551224
0.35	5000	0.2	0.2	0.558073
0.35	10000	0.2	0.2	0.548429
0.4	100	0.2	0.2	0.492961
0.4	500	0.2	0.2	0.521236
0.4	1000	0.2	0.2	0.542086
0.4	2000	0.2	0.2	0.560186
0.4	5000	0.2	0.2	0.565462
0.4	10000	0.2	0.2	0.55498
0.1	100	0.2	0.3	0.42478
0.1	500	0.2	0.3	0.466475
0.1	1000	0.2	0.3	0.493551
0.1	2000	0.2	0.3	0.511044
0.1	5000	0.2	0.3	0.527506
0.1	10000	0.2	0.3	0.516008
0.15	100	0.2	0.3	0.443574
0.15	500	0.2	0.3	0.490544
0.15	1000	0.2	0.3	0.51077
0.15	2000	0.2	0.3	0.528431
0.15	5000	0.2	0.3	0.54376
0.15	10000	0.2	0.3	0.53111
0.2	100	0.2	0.3	0.471759
0.2	500	0.2	0.3	0.504979
0.2	1000	0.2	0.3	0.526113
0.2	2000	0.2	0.3	0.5471
0.2	5000	0.2	0.3	0.554447
0.2	10000	0.2	0.3	0.544537
0.25	100	0.2	0.3	0.489901
0.25	500	0.2	0.3	0.520956
0.25	1000	0.2	0.3	0.540786
0.25	2000	0.2	0.3	0.55986
0.25	5000	0.2	0.3	0.565414
0.25	10000	0.2	0.3	0.555258
0.3	100	0.2	0.3	0.510939
0.3	500	0.2	0.3	0.537643
0.3	1000	0.2	0.3	0.556318
0.3	2000	0.2	0.3	0.572505
0.3	5000	0.2	0.3	0.575553
0.3	10000	0.2	0.3	0.564376
0.35	100	0.2	0.3	0.528712
0.35	500	0.2	0.3	0.550919
0.35	1000	0.2	0.3	0.568625
0.35	2000	0.2	0.3	0.583171
0.35	5000	0.2	0.3	0.587908
0.35	10000	0.2	0.3	0.572836
0.4	100	0.2	0.3	0.545488
0.4	500	0.2	0.3	0.567584
0.4	1000	0.2	0.3	0.580915
0.4	2000	0.2	0.3	0.59638
0.4	5000	0.2	0.3	0.594307
0.4	10000	0.2	0.3	0.584717
0.1	100	0.2	0.4	0.437148
0.1	500	0.2	0.4	0.486496
0.1	1000	0.2	0.4	0.506057
0.1	2000	0.2	0.4	0.525607
0.1	5000	0.2	0.4	0.539165
0.1	10000	0.2	0.4	0.527636
0.15	100	0.2	0.4	0.472943
0.15	500	0.2	0.4	0.507759
0.15	1000	0.2	0.4	0.527437
0.15	2000	0.2	0.4	0.548287
0.15	5000	0.2	0.4	0.55573
0.15	10000	0.2	0.4	0.547047
0.2	100	0.2	0.4	0.501536
0.2	500	0.2	0.4	0.531477
0.2	1000	0.2	0.4	0.548192
0.2	2000	0.2	0.4	0.566678
0.2	5000	0.2	0.4	0.570178
0.2	10000	0.2	0.4	0.559376
0.25	100	0.2	0.4	0.52672
0.25	500	0.2	0.4	0.549442
0.25	1000	0.2	0.4	0.566164
0.25	2000	0.2	0.4	0.581565
0.25	5000	0.2	0.4	0.587081
0.25	10000	0.2	0.4	0.572907
0.3	100	0.2	0.4	0.547892
0.3	500	0.2	0.4	0.568435
0.3	1000	0.2	0.4	0.582692
0.3	2000	0.2	0.4	0.598969
0.3	5000	0.2	0.4	0.59771
0.3	10000	0.2	0.4	0.588341
0.35	100	0.2	0.4	0.566399
0.35	500	0.2	0.4	0.584858
0.35	1000	0.2	0.4	0.602303
0.35	2000	0.2	0.4	0.61255
0.35	5000	0.2	0.4	0.607635
0.35	10000	0.2	0.4	0.596207
0.4	100	0.2	0.4	0.57648
0.4	500	0.2	0.4	0.599068
0.4	1000	0.2	0.4	0.613525
0.4	2000	0.2	0.4	0.627398
0.4	5000	0.2	0.4	0.616982
0.4	10000	0.2	0.4	0.603412
0.1	100	0.2	0.5	0.459314
0.1	500	0.2	0.5	0.499946
0.1	1000	0.2	0.5	0.517566
0.1	2000	0.2	0.5	0.537273
0.1	5000	0.2	0.5	0.550751
0.1	10000	0.2	0.5	0.539133
0.15	100	0.2	0.5	0.497429
0.15	500	0.2	0.5	0.526073
0.15	1000	0.2	0.5	0.545346
0.15	2000	0.2	0.5	0.564706
0.15	5000	0.2	0.5	0.568
0.15	10000	0.2	0.5	0.557875
0.2	100	0.2	0.5	0.528846
0.2	500	0.2	0.5	0.550641
0.2	1000	0.2	0.5	0.567344
0.2	2000	0.2	0.5	0.583078
0.2	5000	0.2	0.5	0.588074
0.2	10000	0.2	0.5	0.575499
0.25	100	0.2	0.5	0.555656
0.25	500	0.2	0.5	0.573893
0.25	1000	0.2	0.5	0.588475
0.25	2000	0.2	0.5	0.60287
0.25	5000	0.2	0.5	0.600134
0.25	10000	0.2	0.5	0.591159
0.3	100	0.2	0.5	0.570153
0.3	500	0.2	0.5	0.594637
0.3	1000	0.2	0.5	0.60686
0.3	2000	0.2	0.5	0.622227
0.3	5000	0.2	0.5	0.611697
0.3	10000	0.2	0.5	0.599594
0.35	100	0.2	0.5	0.585629
0.35	500	0.2	0.5	0.606281
0.35	1000	0.2	0.5	0.621217
0.35	2000	0.2	0.5	0.631546
0.35	5000	0.2	0.5	0.624018
0.35	10000	0.2	0.5	0.605514
0.4	100	0.2	0.5	0.598148
0.4	500	0.2	0.5	0.619667
0.4	1000	0.2	0.5	0.640956
0.4	2000	0.2	0.5	0.647243
0.4	5000	0.2	0.5	0.63242
0.4	10000	0.2	0.5	0.614779
0.1	100	0.2	0.6	0.477092
0.1	500	0.2	0.6	0.509135
0.1	1000	0.2	0.6	0.53063
0.1	2000	0.2	0.6	0.551543
0.1	5000	0.2	0.6	0.556959
0.1	10000	0.2	0.6	0.547982
0.15	100	0.2	0.6	0.518554
0.15	500	0.2	0.6	0.54287
0.15	1000	0.2	0.6	0.560137
0.15	2000	0.2	0.6	0.576923
0.15	5000	0.2	0.6	0.582085
0.15	10000	0.2	0.6	0.569731
0.2	100	0.2	0.6	0.552796
0.2	500	0.2	0.6	0.571024
0.2	1000	0.2	0.6	0.586268
0.2	2000	0.2	0.6	0.601381
0.2	5000	0.2	0.6	0.599305
0.2	10000	0.2	0.6	0.589525
0.25	100	0.2	0.6	0.569776
0.25	500	0.2	0.6	0.59537
0.25	1000	0.2	0.6	0.608373
0.25	2000	0.2	0.6	0.6247
0.25	5000	0.2	0.6	0.612994
0.25	10000	0.2	0.6	0.601017
0.3	100	0.2	0.6	0.58781
0.3	500	0.2	0.6	0.610179
0.3	1000	0.2	0.6	0.622651
0.3	2000	0.2	0.6	0.635181
0.3	5000	0.2	0.6	0.632477
0.3	10000	0.2	0.6	0.606153
0.35	100	0.2	0.6	0.602157
0.35	500	0.2	0.6	0.629713
0.35	1000	0.2	0.6	0.644361
0.35	2000	0.2	0.6	0.654303
0.35	5000	0.2	0.6	0.633277
0.35	10000	0.2	0.6	0.61664
0.4	100	0.2	0.6	0.613011
0.4	500	0.2	0.6	0.64859
0.4	1000	0.2	0.6	0.658494
0.4	2000	0.2	0.6	0.663213
0.4	5000	0.2	0.6	0.648006
0.4	10000	0.2	0.6	0.630626
0.1	100	0.2	0.7	0.490842
0.1	500	0.2	0.7	0.522748
0.1	1000	0.2	0.7	0.541589
0.1	2000	0.2	0.7	0.562135
0.1	5000	0.2	0.7	0.565438
0.1	10000	0.2	0.7	0.554454
0.15	100	0.2	0.7	0.537186
0.15	500	0.2	0.7	0.558718
0.15	1000	0.2	0.7	0.575193
0.15	2000	0.2	0.7	0.590633
0.15	5000	0.2	0.7	0.592119
0.15	10000	0.2	0.7	0.579342
0.2	100	0.2	0.7	0.56368
0.2	500	0.2	0.7	0.59154
0.2	1000	0.2	0.7	0.605745
0.2	2000	0.2	0.7	0.619658
0.2	5000	0.2	0.7	0.609153
0.2	10000	0.2	0.7	0.597474
0.25	100	0.2	0.7	0.586395
0.25	500	0.2	0.7	0.608076
0.25	1000	0.2	0.7	0.621883
0.25	2000	0.2	0.7	0.6324
0.25	5000	0.2	0.7	0.626424
0.25	10000	0.2	0.7	0.605771
0.3	100	0.2	0.7	0.60634
0.3	500	0.2	0.7	0.629223
0.3	1000	0.2	0.7	0.644871
0.3	2000	0.2	0.7	0.649459
0.3	5000	0.2	0.7	0.633372
0.3	10000	0.2	0.7	0.6159
0.35	100	0.2	0.7	0.611879
0.35	500	0.2	0.7	0.648003
0.35	1000	0.2	0.7	0.658122
0.35	2000	0.2	0.7	0.662208
0.35	5000	0.2	0.7	0.649189
0.35	10000	0.2	0.7	0.631463
0.4	100	0.2	0.7	0.612231
0.4	500	0.2	0.7	0.659852
0.4	1000	0.2	0.7	0.660346
0.4	2000	0.2	0.7	0.657471
0.4	5000	0.2	0.7	0.645213
0.4	10000	0.2	0.7	0.628609
0.1	100	0.2	0.8	0.506631
0.1	500	0.2	0.8	0.534199
0.1	1000	0.2	0.8	0.551589
0.1	2000	0.2	0.8	0.569523
0.1	5000	0.2	0.8	0.574592
0.1	10000	0.2	0.8	0.56469
0.15	100	0.2	0.8	0.552938
0.15	500	0.2	0.8	0.574391
0.15	1000	0.2	0.8	0.590843
0.15	2000	0.2	0.8	0.608155
0.15	5000	0.2	0.8	0.600267
0.15	10000	0.2	0.8	0.591164
0.2	100	0.2	0.8	0.579196
0.2	500	0.2	0.8	0.602623
0.2	1000	0.2	0.8	0.617078
0.2	2000	0.2	0.8	0.628179
0.2	5000	0.2	0.8	0.621889
0.2	10000	0.2	0.8	0.603079
0.25	100	0.2	0.8	0.596642
0.25	500	0.2	0.8	0.626879
0.25	1000	0.2	0.8	0.643006
0.25	2000	0.2	0.8	0.646379
0.25	5000	0.2	0.8	0.63198
0.25	10000	0.2	0.8	0.614738
0.3	100	0.2	0.8	0.611591
0.3	500	0.2	0.8	0.640059
0.3	1000	0.2	0.8	0.651861
0.3	2000	0.2	0.8	0.661729
0.3	5000	0.2	0.8	0.648783
0.3	10000	0.2	0.8	0.631534
0.35	100	0.2	0.8	0.61109
0.35	500	0.2	0.8	0.659156
0.35	1000	0.2	0.8	0.659013
0.35	2000	0.2	0.8	0.657739
0.35	5000	0.2	0.8	0.6454
0.35	10000	0.2	0.8	0.628214
0.4	100	0.2	0.8	0.614094
0.4	500	0.2	0.8	0.65204
0.4	1000	0.2	0.8	0.660817
0.4	2000	0.2	0.8	0.657186
0.4	5000	0.2	0.8	0.638005
0.4	10000	0.2	0.8	0.622848
0.1	100	0.2	0.9	0.52117
0.1	500	0.2	0.9	0.545462
0.1	1000	0.2	0.9	0.560832
0.1	2000	0.2	0.9	0.578247
0.1	5000	0.2	0.9	0.583068
0.1	10000	0.2	0.9	0.572697
0.15	100	0.2	0.9	0.560876
0.15	500	0.2	0.9	0.58862
0.15	1000	0.2	0.9	0.603904
0.15	2000	0.2	0.9	0.618831
0.15	5000	0.2	0.9	0.608257
0.15	10000	0.2	0.9	0.596739
0.2	100	0.2	0.9	0.58773
0.2	500	0.2	0.9	0.611117
0.2	1000	0.2	0.9	0.624502
0.2	2000	0.2	0.9	0.64121
0.2	5000	0.2	0.9	0.63102
0.2	10000	0.2	0.9	0.612864
0.25	100	0.2	0.9	0.606667
0.25	500	0.2	0.9	0.637503
0.25	1000	0.2	0.9	0.644041
0.25	2000	0.2	0.9	0.655059
0.25	5000	0.2	0.9	0.637856
0.25	10000	0.2	0.9	0.617921
0.3	100	0.2	0.9	0.612054
0.3	500	0.2	0.9	0.657007
0.3	1000	0.2	0.9	0.657935
0.3	2000	0.2	0.9	0.661274
0.3	5000	0.2	0.9	0.646074
0.3	10000	0.2	0.9	0.628909
0.35	100	0.2	0.9	0.616701
0.35	500	0.2	0.9	0.653006
0.35	1000	0.2	0.9	0.6609
0.35	2000	0.2	0.9	0.658228
0.35	5000	0.2	0.9	0.638782
0.35	10000	0.2	0.9	0.621784
0.4	100	0.2	0.9	0.588753
0.4	500	0.2	0.9	0.639031
0.4	1000	0.2	0.9	0.646994
0.4	2000	0.2	0.9	0.644648
0.4	5000	0.2	0.9	0.632445
0.4	10000	0.2	0.9	0.613956
0.1	100	0.3	0.1	0.410997
0.1	500	0.3	0.1	0.446897
0.1	1000	0.3	0.1	0.466594
0.1	2000	0.3	0.1	0.487724
0.1	5000	0.3	0.1	0.50899
0.1	10000	0.3	0.1	0.506599
0.15	100	0.3	0.1	0.417638
0.15	500	0.3	0.1	0.455482
0.15	1000	0.3	0.1	0.473
0.15	2000	0.3	0.1	0.498733
0.15	5000	0.3	0.1	0.515493
0.15	10000	0.3	0.1	0.514766
0.2	100	0.3	0.1	0.422173
0.2	500	0.3	0.1	0.461797
0.2	1000	0.3	0.1	0.478928
0.2	2000	0.3	0.1	0.504437
0.2	5000	0.3	0.1	0.521259
0.2	10000	0.3	0.1	0.519707
0.25	100	0.3	0.1	0.430668
0.25	500	0.3	0.1	0.46688
0.25	1000	0.3	0.1	0.488798
0.25	2000	0.3	0.1	0.509567
0.25	5000	0.3	0.1	0.526105
0.25	10000	0.3	0.1	0.523026
0.3	100	0.3	0.1	0.436878
0.3	500	0.3	0.1	0.471462
0.3	1000	0.3	0.1	0.496174
0.3	2000	0.3	0.1	0.514182
0.3	5000	0.3	0.1	0.530066
0.3	10000	0.3	0.1	0.526697
0.35	100	0.3	0.1	0.439451
0.35	500	0.3	0.1	0.48099
0.35	1000	0.3	0.1	0.501847
0.35	2000	0.3	0.1	0.519864
0.35	5000	0.3	0.1	0.533557
0.35	10000	0.3	0.1	0.530319
0.4	100	0.3	0.1	0.445585
0.4	500	0.3	0.1	0.487123
0.4	1000	0.3	0.1	0.507521
0.4	2000	0.3	0.1	0.523639
0.4	5000	0.3	0.1	0.537092
0.4	10000	0.3	0.1	0.534482
0.1	100	0.3	0.2	0.42722
0.1	500	0.3	0.2	0.464659
0.1	1000	0.3	0.2	0.481795
0.1	2000	0.3	0.2	0.507833
0.1	5000	0.3	0.2	0.523493
0.1	10000	0.3	0.2	0.522494
0.15	100	0.3	0.2	0.440741
0.15	500	0.3	0.2	0.477319
0.15	1000	0.3	0.2	0.502046
0.15	2000	0.3	0.2	0.51939
0.15	5000	0.3	0.2	0.53618
0.15	10000	0.3	0.2	0.531909
0.2	100	0.3	0.2	0.451019
0.2	500	0.3	0.2	0.496359
0.2	1000	0.3	0.2	0.514367
0.2	2000	0.3	0.2	0.52853
0.2	5000	0.3	0.2	0.544465
0.2	10000	0.3	0.2	0.542053
0.25	100	0.3	0.2	0.471437
0.25	500	0.3	0.2	0.504508
0.25	1000	0.3	0.2	0.527459
0.25	2000	0.3	0.2	0.543742
0.25	5000	0.3	0.2	0.554321
0.25	10000	0.3	0.2	0.555548
0.3	100	0.3	0.2	0.484003
0.3	500	0.3	0.2	0.516718
0.3	1000	0.3	0.2	0.537684
0.3	2000	0.3	0.2	0.552782
0.3	5000	0.3	0.2	0.564121
0.3	10000	0.3	0.2	0.565009
0.35	100	0.3	0.2	0.500269
0.35	500	0.3	0.2	0.527338
0.35	1000	0.3	0.2	0.547162
0.35	2000	0.3	0.2	0.561839
0.35	5000	0.3	0.2	0.573661
0.35	10000	0.3	0.2	0.575141
0.4	100	0.3	0.2	0.510239
0.4	500	0.3	0.2	0.537018
0.4	1000	0.3	0.2	0.555928
0.4	2000	0.3	0.2	0.568607
0.4	5000	0.3	0.2	0.58184
0.4	10000	0.3	0.2	0.581868
0.1	100	0.3	0.3	0.441803
0.1	500	0.3	0.3	0.484628
0.1	1000	0.3	0.3	0.503077
0.1	2000	0.3	0.3	0.520393
0.1	5000	0.3	0.3	0.538336
0.1	10000	0.3	0.3	0.533381
0.15	100	0.3	0.3	0.467553
0.15	500	0.3	0.3	0.50216
0.15	1000	0.3	0.3	0.524396
0.15	2000	0.3	0.3	0.543253
0.15	5000	0.3	0.3	0.553412
0.15	10000	0.3	0.3	0.553415
0.2	100	0.3	0.3	0.487999
0.2	500	0.3	0.3	0.519891
0.2	1000	0.3	0.3	0.541064
0.2	2000	0.3	0.3	0.555763
0.2	5000	0.3	0.3	0.568493
0.2	10000	0.3	0.3	0.570228
0.25	100	0.3	0.3	0.510701
0.25	500	0.3	0.3	0.536454
0.25	1000	0.3	0.3	0.555622
0.25	2000	0.3	0.3	0.56798
0.25	5000	0.3	0.3	0.58134
0.25	10000	0.3	0.3	0.583941
0.3	100	0.3	0.3	0.525972
0.3	500	0.3	0.3	0.550487
0.3	1000	0.3	0.3	0.572304
0.3	2000	0.3	0.3	0.586087
0.3	5000	0.3	0.3	0.592701
0.3	10000	0.3	0.3	0.592148
0.35	100	0.3	0.3	0.543927
0.35	500	0.3	0.3	0.566965
0.35	1000	0.3	0.3	0.582918
0.35	2000	0.3	0.3	0.598748
0.35	5000	0.3	0.3	0.602
0.35	10000	0.3	0.3	0.604518
0.4	100	0.3	0.3	0.556731
0.4	500	0.3	0.3	0.57843
0.4	1000	0.3	0.3	0.593125
0.4	2000	0.3	0.3	0.611034
0.4	5000	0.3	0.3	0.611883
0.4	10000	0.3	0.3	0.611018
0.1	100	0.3	0.4	0.4612
0.1	500	0.3	0.4	0.496927
0.1	1000	0.3	0.4	0.519428
0.1	2000	0.3	0.4	0.53606
0.1	5000	0.3	0.4	0.547615
0.1	10000	0.3	0.4	0.544512
0.15	100	0.3	0.4	0.492752
0.15	500	0.3	0.4	0.523097
0.15	1000	0.3	0.4	0.54216
0.15	2000	0.3	0.4	0.557816
0.15	5000	0.3	0.4	0.569564
0.15	10000	0.3	0.4	0.571725
0.2	100	0.3	0.4	0.51725
0.2	500	0.3	0.4	0.544836
0.2	1000	0.3	0.4	0.56338
0.2	2000	0.3	0.4	0.578644
0.2	5000	0.3	0.4	0.587308
0.2	10000	0.3	0.4	0.588278
0.25	100	0.3	0.4	0.542116
0.25	500	0.3	0.4	0.56336
0.25	1000	0.3	0.4	0.582044
0.25	2000	0.3	0.4	0.595613
0.25	5000	0.3	0.4	0.60018
0.25	10000	0.3	0.4	0.602949
0.3	100	0.3	0.4	0.561375
0.3	500	0.3	0.4	0.583386
0.3	1000	0.3	0.4	0.598248
0.3	2000	0.3	0.4	0.61411
0.3	5000	0.3	0.4	0.614088
0.3	10000	0.3	0.4	0.613019
0.35	100	0.3	0.4	0.575335
0.35	500	0.3	0.4	0.597755
0.35	1000	0.3	0.4	0.614069
0.35	2000	0.3	0.4	0.625755
0.35	5000	0.3	0.4	0.624876
0.35	10000	0.3	0.4	0.617832
0.4	100	0.3	0.4	0.587203
0.4	500	0.3	0.4	0.607743
0.4	1000	0.3	0.4	0.622364
0.4	2000	0.3	0.4	0.636974
0.4	5000	0.3	0.4	0.636399
0.4	10000	0.3	0.4	0.626738
0.1	100	0.3	0.5	0.478291
0.1	500	0.3	0.5	0.509384
0.1	1000	0.3	0.5	0.531924
0.1	2000	0.3	0.5	0.549925
0.1	5000	0.3	0.5	0.562617
0.1	10000	0.3	0.5	0.562284
0.15	100	0.3	0.5	0.513481
0.15	500	0.3	0.5	0.540863
0.15	1000	0.3	0.5	0.559857
0.15	2000	0.3	0.5	0.571398
0.15	5000	0.3	0.5	0.583633
0.15	10000	0.3	0.5	0.586488
0.2	100	0.3	0.5	0.544822
0.2	500	0.3	0.5	0.565679
0.2	1000	0.3	0.5	0.583086
0.2	2000	0.3	0.5	0.597096
0.2	5000	0.3	0.5	0.601599
0.2	10000	0.3	0.5	0.604099
0.25	100	0.3	0.5	0.569064
0.25	500	0.3	0.5	0.589852
0.25	1000	0.3	0.5	0.602567
0.25	2000	0.3	0.5	0.620717
0.25	5000	0.3	0.5	0.620324
0.25	10000	0.3	0.5	0.615114
0.3	100	0.3	0.5	0.581151
0.3	500	0.3	0.5	0.603529
0.3	1000	0.3	0.5	0.618778
0.3	2000	0.3	0.5	0.633059
0.3	5000	0.3	0.5	0.629939
0.3	10000	0.3	0.5	0.621096
0.35	100	0.3	0.5	0.59477
0.35	500	0.3	0.5	0.616917
0.35	1000	0.3	0.5	0.637907
0.35	2000	0.3	0.5	0.647124
0.35	5000	0.3	0.5	0.642227
0.35	10000	0.3	0.5	0.6305
0.4	100	0.3	0.5	0.613068
0.4	500	0.3	0.5	0.634713
0.4	1000	0.3	0.5	0.648206
0.4	2000	0.3	0.5	0.65857
0.4	5000	0.3	0.5	0.650312
0.4	10000	0.3	0.5	0.639674
0.1	100	0.3	0.6	0.497126
0.1	500	0.3	0.6	0.525609
0.1	1000	0.3	0.6	0.544888
0.1	2000	0.3	0.6	0.558951
0.1	5000	0.3	0.6	0.57051
0.1	10000	0.3	0.6	0.573281
0.15	100	0.3	0.6	0.533167
0.15	500	0.3	0.6	0.554428
0.15	1000	0.3	0.6	0.577142
0.15	2000	0.3	0.6	0.58978
0.15	5000	0.3	0.6	0.596503
0.15	10000	0.3	0.6	0.599251
0.2	100	0.3	0.6	0.564871
0.2	500	0.3	0.6	0.585566
0.2	1000	0.3	0.6	0.602304
0.2	2000	0.3	0.6	0.61949
0.2	5000	0.3	0.6	0.61778
0.2	10000	0.3	0.6	0.613334
0.25	100	0.3	0.6	0.580979
0.25	500	0.3	0.6	0.605758
0.25	1000	0.3	0.6	0.619711
0.25	2000	0.3	0.6	0.633814
0.25	5000	0.3	0.6	0.629937
0.25	10000	0.3	0.6	0.621233
0.3	100	0.3	0.6	0.598847
0.3	500	0.3	0.6	0.629899
0.3	1000	0.3	0.6	0.64254
0.3	2000	0.3	0.6	0.646926
0.3	5000	0.3	0.6	0.6416
0.3	10000	0.3	0.6	0.630189
0.35	100	0.3	0.6	0.615112
0.35	500	0.3	0.6	0.637222
0.35	1000	0.3	0.6	0.646496
0.35	2000	0.3	0.6	0.656715
0.35	5000	0.3	0.6	0.651335
0.35	10000	0.3	0.6	0.640339
0.4	100	0.3	0.6	0.62178
0.4	500	0.3	0.6	0.65518
0.4	1000	0.3	0.6	0.661396
0.4	2000	0.3	0.6	0.658575
0.4	5000	0.3	0.6	0.654706
0.4	10000	0.3	0.6	0.644879
0.1	100	0.3	0.7	0.510273
0.1	500	0.3	0.7	0.535606
0.1	1000	0.3	0.7	0.554458
0.1	2000	0.3	0.7	0.569181
0.1	5000	0.3	0.7	0.580962
0.1	10000	0.3	0.7	0.582721
0.15	100	0.3	0.7	0.55129
0.15	500	0.3	0.7	0.573725
0.15	1000	0.3	0.7	0.589523
0.15	2000	0.3	0.7	0.606866
0.15	5000	0.3	0.7	0.610721
0.15	10000	0.3	0.7	0.608735
0.2	100	0.3	0.7	0.574254
0.2	500	0.3	0.7	0.600137
0.2	1000	0.3	0.7	0.615359
0.2	2000	0.3	0.7	0.630508
0.2	5000	0.3	0.7	0.628074
0.2	10000	0.3	0.7	0.618311
0.25	100	0.3	0.7	0.593825
0.25	500	0.3	0.7	0.627178
0.25	1000	0.3	0.7	0.641814
0.25	2000	0.3	0.7	0.645475
0.25	5000	0.3	0.7	0.638881
0.25	10000	0.3	0.7	0.629629
0.3	100	0.3	0.7	0.614056
0.3	500	0.3	0.7	0.63578
0.3	1000	0.3	0.7	0.64581
0.3	2000	0.3	0.7	0.657501
0.3	5000	0.3	0.7	0.651292
0.3	10000	0.3	0.7	0.640057
0.35	100	0.3	0.7	0.620363
0.35	500	0.3	0.7	0.654956
0.35	1000	0.3	0.7	0.65958
0.35	2000	0.3	0.7	0.657361
0.35	5000	0.3	0.7	0.655677
0.35	10000	0.3	0.7	0.644052
0.4	100	0.3	0.7	0.627377
0.4	500	0.3	0.7	0.654718
0.4	1000	0.3	0.7	0.662714
0.4	2000	0.3	0.7	0.659209
0.4	5000	0.3	0.7	0.650897
0.4	10000	0.3	0.7	0.635955
0.1	100	0.3	0.8	0.521861
0.1	500	0.3	0.8	0.547121
0.1	1000	0.3	0.8	0.567343
0.1	2000	0.3	0.8	0.582024
0.1	5000	0.3	0.8	0.59085
0.1	10000	0.3	0.8	0.593835
0.15	100	0.3	0.8	0.564673
0.15	500	0.3	0.8	0.589143
0.15	1000	0.3	0.8	0.605806
0.15	2000	0.3	0.8	0.620542
0.15	5000	0.3	0.8	0.618021
0.15	10000	0.3	0.8	0.615218
0.2	100	0.3	0.8	0.589034
0.2	500	0.3	0.8	0.609145
0.2	1000	0.3	0.8	0.629509
0.2	2000	0.3	0.8	0.645075
0.2	5000	0.3	0.8	0.638526
0.2	10000	0.3	0.8	0.627262
0.25	100	0.3	0.8	0.610184
0.25	500	0.3	0.8	0.633124
0.25	1000	0.3	0.8	0.644038
0.25	2000	0.3	0.8	0.650465
0.25	5000	0.3	0.8	0.651051
0.25	10000	0.3	0.8	0.634275
0.3	100	0.3	0.8	0.619551
0.3	500	0.3	0.8	0.65036
0.3	1000	0.3	0.8	0.660429
0.3	2000	0.3	0.8	0.658002
0.3	5000	0.3	0.8	0.655861
0.3	10000	0.3	0.8	0.645536
0.35	100	0.3	0.8	0.621044
0.35	500	0.3	0.8	0.654176
0.35	1000	0.3	0.8	0.662787
0.35	2000	0.3	0.8	0.658707
0.35	5000	0.3	0.8	0.65033
0.35	10000	0.3	0.8	0.635103
0.4	100	0.3	0.8	0.616352
0.4	500	0.3	0.8	0.647684
0.4	1000	0.3	0.8	0.654806
0.4	2000	0.3	0.8	0.652037
0.4	5000	0.3	0.8	0.640747
0.4	10000	0.3	0.8	0.630781
0.1	100	0.3	0.9	0.534362
0.1	500	0.3	0.9	0.558347
0.1	1000	0.3	0.9	0.578218
0.1	2000	0.3	0.9	0.590564
0.1	5000	0.3	0.9	0.597404
0.1	10000	0.3	0.9	0.600059
0.15	100	0.3	0.9	0.571818
0.15	500	0.3	0.9	0.59655
0.15	1000	0.3	0.9	0.614102
0.15	2000	0.3	0.9	0.628518
0.15	5000	0.3	0.9	0.6259
0.15	10000	0.3	0.9	0.618042
0.2	100	0.3	0.9	0.596971
0.2	500	0.3	0.9	0.628168
0.2	1000	0.3	0.9	0.64187
0.2	2000	0.3	0.9	0.645144
0.2	5000	0.3	0.9	0.641057
0.2	10000	0.3	0.9	0.630167
0.25	100	0.3	0.9	0.616633
0.25	500	0.3	0.9	0.645509
0.25	1000	0.3	0.9	0.653031
0.25	2000	0.3	0.9	0.656578
0.25	5000	0.3	0.9	0.649822
0.25	10000	0.3	0.9	0.641257
0.3	100	0.3	0.9	0.62278
0.3	500	0.3	0.9	0.655188
0.3	1000	0.3	0.9	0.658966
0.3	2000	0.3	0.9	0.658751
0.3	5000	0.3	0.9	0.649662
0.3	10000	0.3	0.9	0.63747
0.35	100	0.3	0.9	0.618069
0.35	500	0.3	0.9	0.650058
0.35	1000	0.3	0.9	0.655508
0.35	2000	0.3	0.9	0.654617
0.35	5000	0.3	0.9	0.6432
0.35	10000	0.3	0.9	0.63059
0.4	100	0.3	0.9	0.588745
0.4	500	0.3	0.9	0.632704
0.4	1000	0.3	0.9	0.639948
0.4	2000	0.3	0.9	0.63936
0.4	5000	0.3	0.9	0.630384
0.4	10000	0.3	0.9	0.608433
0.1	100	0.4	0.1	0.426767
0.1	500	0.4	0.1	0.462203
0.1	1000	0.4	0.1	0.482161
0.1	2000	0.4	0.1	0.509176
0.1	5000	0.4	0.1	0.519923
0.1	10000	0.4	0.1	0.525359
0.15	100	0.4	0.1	0.433117
0.15	500	0.4	0.1	0.467115
0.15	1000	0.4	0.1	0.491384
0.15	2000	0.4	0.1	0.512404
0.15	5000	0.4	0.1	0.525573
0.15	10000	0.4	0.1	0.530894
0.2	100	0.4	0.1	0.437872
0.2	500	0.4	0.1	0.474207
0.2	1000	0.4	0.1	0.497433
0.2	2000	0.4	0.1	0.516718
0.2	5000	0.4	0.1	0.533151
0.2	10000	0.4	0.1	0.536709
0.25	100	0.4	0.1	0.443677
0.25	500	0.4	0.1	0.482215
0.25	1000	0.4	0.1	0.504005
0.25	2000	0.4	0.1	0.522075
0.25	5000	0.4	0.1	0.537026
0.25	10000	0.4	0.1	0.542463
0.3	100	0.4	0.1	0.450169
0.3	500	0.4	0.1	0.486868
0.3	1000	0.4	0.1	0.508993
0.3	2000	0.4	0.1	0.524472
0.3	5000	0.4	0.1	0.542014
0.3	10000	0.4	0.1	0.545732
0.35	100	0.4	0.1	0.460991
0.35	500	0.4	0.1	0.492962
0.35	1000	0.4	0.1	0.514057
0.35	2000	0.4	0.1	0.52968
0.35	5000	0.4	0.1	0.54568
0.35	10000	0.4	0.1	0.549582
0.4	100	0.4	0.1	0.465855
0.4	500	0.4	0.1	0.497659
0.4	1000	0.4	0.1	0.518649
0.4	2000	0.4	0.1	0.535473
0.4	5000	0.4	0.1	0.551191
0.4	10000	0.4	0.1	0.553692
0.1	100	0.4	0.2	0.440338
0.1	500	0.4	0.2	0.476368
0.1	1000	0.4	0.2	0.500634
0.1	2000	0.4	0.2	0.519534
0.1	5000	0.4	0.2	0.536519
0.1	10000	0.4	0.2	0.539938
0.15	100	0.4	0.2	0.453593
0.15	500	0.4	0.2	0.492507
0.15	1000	0.4	0.2	0.512003
0.15	2000	0.4	0.2	0.528896
0.15	5000	0.4	0.2	0.545391
0.15	10000	0.4	0.2	0.548483
0.2	100	0.4	0.2	0.476388
0.2	500	0.4	0.2	0.508115
0.2	1000	0.4	0.2	0.526451
0.2	2000	0.4	0.2	0.540945
0.2	5000	0.4	0.2	0.55559
0.2	10000	0.4	0.2	0.55989
0.25	100	0.4	0.2	0.491417
0.25	500	0.4	0.2	0.520465
0.25	1000	0.4	0.2	0.539718
0.25	2000	0.4	0.2	0.5553
0.25	5000	0.4	0.2	0.565081
0.25	10000	0.4	0.2	0.571683
0.3	100	0.4	0.2	0.503364
0.3	500	0.4	0.2	0.531908
0.3	1000	0.4	0.2	0.552607
0.3	2000	0.4	0.2	0.567158
0.3	5000	0.4	0.2	0.577086
0.3	10000	0.4	0.2	0.580902
0.35	100	0.4	0.2	0.516153
0.35	500	0.4	0.2	0.539889
0.35	1000	0.4	0.2	0.560498
0.35	2000	0.4	0.2	0.575274
0.35	5000	0.4	0.2	0.586285
0.35	10000	0.4	0.2	0.590167
0.4	100	0.4	0.2	0.526945
0.4	500	0.4	0.2	0.55057
0.4	1000	0.4	0.2	0.567867
0.4	2000	0.4	0.2	0.581916
0.4	5000	0.4	0.2	0.592804
0.4	10000	0.4	0.2	0.59816
0.1	100	0.4	0.3	0.455552
0.1	500	0.4	0.3	0.493914
0.1	1000	0.4	0.3	0.513068
0.1	2000	0.4	0.3	0.529879
0.1	5000	0.4	0.3	0.548362
0.1	10000	0.4	0.3	0.550283
0.15	100	0.4	0.3	0.487477
0.15	500	0.4	0.3	0.517319
0.15	1000	0.4	0.3	0.536071
0.15	2000	0.4	0.3	0.55213
0.15	5000	0.4	0.3	0.561973
0.15	10000	0.4	0.3	0.56807
0.2	100	0.4	0.3	0.50871
0.2	500	0.4	0.3	0.534583
0.2	1000	0.4	0.3	0.554738
0.2	2000	0.4	0.3	0.571023
0.2	5000	0.4	0.3	0.579499
0.2	10000	0.4	0.3	0.585691
0.25	100	0.4	0.3	0.525548
0.25	500	0.4	0.3	0.548095
0.25	1000	0.4	0.3	0.565453
0.25	2000	0.4	0.3	0.580198
0.25	5000	0.4	0.3	0.592664
0.25	10000	0.4	0.3	0.597537
0.3	100	0.4	0.3	0.543951
0.3	500	0.4	0.3	0.564513
0.3	1000	0.4	0.3	0.57894
0.3	2000	0.4	0.3	0.593992
0.3	5000	0.4	0.3	0.603592
0.3	10000	0.4	0.3	0.612026
0.35	100	0.4	0.3	0.558159
0.35	500	0.4	0.3	0.580942
0.35	1000	0.4	0.3	0.59356
0.35	2000	0.4	0.3	0.610286
0.35	5000	0.4	0.3	0.617396
0.35	10000	0.4	0.3	0.6226
0.4	100	0.4	0.3	0.571478
0.4	500	0.4	0.3	0.591391
0.4	1000	0.4	0.3	0.60491
0.4	2000	0.4	0.3	0.620972
0.4	5000	0.4	0.3	0.625657
0.4	10000	0.4	0.3	0.626154
0.1	100	0.4	0.4	0.480273
0.1	500	0.4	0.4	0.512477
0.1	1000	0.4	0.4	0.53118
0.1	2000	0.4	0.4	0.54604
0.1	5000	0.4	0.4	0.558359
0.1	10000	0.4	0.4	0.562655
0.15	100	0.4	0.4	0.512036
0.15	500	0.4	0.4	0.534725
0.15	1000	0.4	0.4	0.554735
0.15	2000	0.4	0.4	0.571719
0.15	5000	0.4	0.4	0.581171
0.15	10000	0.4	0.4	0.587215
0.2	100	0.4	0.4	0.534037
0.2	500	0.4	0.4	0.555709
0.2	1000	0.4	0.4	0.57204
0.2	2000	0.4	0.4	0.58766
0.2	5000	0.4	0.4	0.599145
0.2	10000	0.4	0.4	0.603752
0.25	100	0.4	0.4	0.555812
0.25	500	0.4	0.4	0.578435
0.25	1000	0.4	0.4	0.592009
0.25	2000	0.4	0.4	0.609093
0.25	5000	0.4	0.4	0.616461
0.25	10000	0.4	0.4	0.620687
0.3	100	0.4	0.4	0.574902
0.3	500	0.4	0.4	0.592739
0.3	1000	0.4	0.4	0.608563
0.3	2000	0.4	0.4	0.622576
0.3	5000	0.4	0.4	0.62805
0.3	10000	0.4	0.4	0.625367
0.35	100	0.4	0.4	0.588066
0.35	500	0.4	0.4	0.610118
0.35	1000	0.4	0.4	0.624677
0.35	2000	0.4	0.4	0.638424
0.35	5000	0.4	0.4	0.636697
0.35	10000	0.4	0.4	0.634508
0.4	100	0.4	0.4	0.599942
0.4	500	0.4	0.4	0.625525
0.4	1000	0.4	0.4	0.639563
0.4	2000	0.4	0.4	0.645731
0.4	5000	0.4	0.4	0.644126
0.4	10000	0.4	0.4	0.63752
0.1	100	0.4	0.5	0.497244
0.1	500	0.4	0.5	0.5253
0.1	1000	0.4	0.5	0.54547
0.1	2000	0.4	0.5	0.559951
0.1	5000	0.4	0.5	0.570729
0.1	10000	0.4	0.5	0.577832
0.15	100	0.4	0.5	0.530013
0.15	500	0.4	0.5	0.55181
0.15	1000	0.4	0.5	0.568491
0.15	2000	0.4	0.5	0.582977
0.15	5000	0.4	0.5	0.595855
0.15	10000	0.4	0.5	0.600867
0.2	100	0.4	0.5	0.557674
0.2	500	0.4	0.5	0.580131
0.2	1000	0.4	0.5	0.592844
0.2	2000	0.4	0.5	0.609408
0.2	5000	0.4	0.5	0.619575
0.2	10000	0.4	0.5	0.62116
0.25	100	0.4	0.5	0.577174
0.25	500	0.4	0.5	0.600614
0.25	1000	0.4	0.5	0.62024
0.25	2000	0.4	0.5	0.625113
0.25	5000	0.4	0.5	0.629791
0.25	10000	0.4	0.5	0.626654
0.3	100	0.4	0.5	0.592173
0.3	500	0.4	0.5	0.61436
0.3	1000	0.4	0.5	0.636456
0.3	2000	0.4	0.5	0.642984
0.3	5000	0.4	0.5	0.641343
0.3	10000	0.4	0.5	0.634056
0.35	100	0.4	0.5	0.611219
0.35	500	0.4	0.5	0.633403
0.35	1000	0.4	0.5	0.646672
0.35	2000	0.4	0.5	0.655781
0.35	5000	0.4	0.5	0.651719
0.35	10000	0.4	0.5	0.644821
0.4	100	0.4	0.5	0.619896
0.4	500	0.4	0.5	0.649347
0.4	1000	0.4	0.5	0.653304
0.4	2000	0.4	0.5	0.655801
0.4	5000	0.4	0.5	0.652228
0.4	10000	0.4	0.5	0.645429
0.1	100	0.4	0.6	0.51417
0.1	500	0.4	0.6	0.537104
0.1	1000	0.4	0.6	0.55539
0.1	2000	0.4	0.6	0.572079
0.1	5000	0.4	0.6	0.5824
0.1	10000	0.4	0.6	0.588639
0.15	100	0.4	0.6	0.548954
0.15	500	0.4	0.6	0.569915
0.15	1000	0.4	0.6	0.584962
0.15	2000	0.4	0.6	0.602128
0.15	5000	0.4	0.6	0.611712
0.15	10000	0.4	0.6	0.61702
0.2	100	0.4	0.6	0.574447
0.2	500	0.4	0.6	0.598936
0.2	1000	0.4	0.6	0.617212
0.2	2000	0.4	0.6	0.625331
0.2	5000	0.4	0.6	0.628891
0.2	10000	0.4	0.6	0.626153
0.25	100	0.4	0.6	0.592007
0.25	500	0.4	0.6	0.615251
0.25	1000	0.4	0.6	0.638455
0.25	2000	0.4	0.6	0.643373
0.25	5000	0.4	0.6	0.639871
0.25	10000	0.4	0.6	0.633729
0.3	100	0.4	0.6	0.61262
0.3	500	0.4	0.6	0.639457
0.3	1000	0.4	0.6	0.645728
0.3	2000	0.4	0.6	0.65546
0.3	5000	0.4	0.6	0.650805
0.3	10000	0.4	0.6	0.642882
0.35	100	0.4	0.6	0.626486
0.35	500	0.4	0.6	0.649046
0.35	1000	0.4	0.6	0.651159
0.35	2000	0.4	0.6	0.65287
0.35	5000	0.4	0.6	0.654832
0.35	10000	0.4	0.6	0.644785
0.4	100	0.4	0.6	0.629477
0.4	500	0.4	0.6	0.654941
0.4	1000	0.4	0.6	0.659913
0.4	2000	0.4	0.6	0.659137
0.4	5000	0.4	0.6	0.655189
0.4	10000	0.4	0.6	0.648601
0.1	100	0.4	0.7	0.526277
0.1	500	0.4	0.7	0.547812
0.1	1000	0.4	0.7	0.564069
0.1	2000	0.4	0.7	0.580396
0.1	5000	0.4	0.7	0.593356
0.1	10000	0.4	0.7	0.597509
0.15	100	0.4	0.7	0.566569
0.15	500	0.4	0.7	0.58688
0.15	1000	0.4	0.7	0.599421
0.15	2000	0.4	0.7	0.62002
0.15	5000	0.4	0.7	0.62152
0.15	10000	0.4	0.7	0.625154
0.2	100	0.4	0.7	0.586094
0.2	500	0.4	0.7	0.610356
0.2	1000	0.4	0.7	0.632227
0.2	2000	0.4	0.7	0.639624
0.2	5000	0.4	0.7	0.637196
0.2	10000	0.4	0.7	0.634192
0.25	100	0.4	0.7	0.610569
0.25	500	0.4	0.7	0.639634
0.25	1000	0.4	0.7	0.643778
0.25	2000	0.4	0.7	0.649163
0.25	5000	0.4	0.7	0.649542
0.25	10000	0.4	0.7	0.642442
0.3	100	0.4	0.7	0.625377
0.3	500	0.4	0.7	0.648549
0.3	1000	0.4	0.7	0.651465
0.3	2000	0.4	0.7	0.652438
0.3	5000	0.4	0.7	0.651791
0.3	10000	0.4	0.7	0.643533
0.35	100	0.4	0.7	0.628677
0.35	500	0.4	0.7	0.652492
0.35	1000	0.4	0.7	0.662902
0.35	2000	0.4	0.7	0.660539
0.35	5000	0.4	0.7	0.65468
0.35	10000	0.4	0.7	0.646408
0.4	100	0.4	0.7	0.627704
0.4	500	0.4	0.7	0.653116
0.4	1000	0.4	0.7	0.657388
0.4	2000	0.4	0.7	0.65465
0.4	5000	0.4	0.7	0.648279
0.4	10000	0.4	0.7	0.635518
0.1	100	0.4	0.8	0.538112
0.1	500	0.4	0.8	0.562603
0.1	1000	0.4	0.8	0.577552
0.1	2000	0.4	0.8	0.591006
0.1	5000	0.4	0.8	0.606155
0.1	10000	0.4	0.8	0.610363
0.15	100	0.4	0.8	0.576727
0.15	500	0.4	0.8	0.599098
0.15	1000	0.4	0.8	0.617997
0.15	2000	0.4	0.8	0.625888
0.15	5000	0.4	0.8	0.629198
0.15	10000	0.4	0.8	0.626691
0.2	100	0.4	0.8	0.599285
0.2	500	0.4	0.8	0.628427
0.2	1000	0.4	0.8	0.641238
0.2	2000	0.4	0.8	0.645602
0.2	5000	0.4	0.8	0.63993
0.2	10000	0.4	0.8	0.636494
0.25	100	0.4	0.8	0.61957
0.25	500	0.4	0.8	0.642212
0.25	1000	0.4	0.8	0.652632
0.25	2000	0.4	0.8	0.654648
0.25	5000	0.4	0.8	0.652595
0.25	10000	0.4	0.8	0.642893
0.3	100	0.4	0.8	0.624198
0.3	500	0.4	0.8	0.653445
0.3	1000	0.4	0.8	0.65986
0.3	2000	0.4	0.8	0.658532
0.3	5000	0.4	0.8	0.655441
0.3	10000	0.4	0.8	0.647699
0.35	100	0.4	0.8	0.628237
0.35	500	0.4	0.8	0.65336
0.35	1000	0.4	0.8	0.659343
0.35	2000	0.4	0.8	0.653138
0.35	5000	0.4	0.8	0.64848
0.35	10000	0.4	0.8	0.635574
0.4	100	0.4	0.8	0.611869
0.4	500	0.4	0.8	0.638977
0.4	1000	0.4	0.8	0.64107
0.4	2000	0.4	0.8	0.643889
0.4	5000	0.4	0.8	0.63584
0.4	10000	0.4	0.8	0.628321
0.1	100	0.4	0.9	0.549798
0.1	500	0.4	0.9	0.573663
0.1	1000	0.4	0.9	0.588801
0.1	2000	0.4	0.9	0.603617
0.1	5000	0.4	0.9	0.614304
0.1	10000	0.4	0.9	0.618585
0.15	100	0.4	0.9	0.582368
0.15	500	0.4	0.9	0.60824
0.15	1000	0.4	0.9	0.625765
0.15	2000	0.4	0.9	0.636621
0.15	5000	0.4	0.9	0.63584
0.15	10000	0.4	0.9	0.633904
0.2	100	0.4	0.9	0.609711
0.2	500	0.4	0.9	0.638491
0.2	1000	0.4	0.9	0.644786
0.2	2000	0.4	0.9	0.654044
0.2	5000	0.4	0.9	0.649732
0.2	10000	0.4	0.9	0.641676
0.25	100	0.4	0.9	0.628281
0.25	500	0.4	0.9	0.646483
0.25	1000	0.4	0.9	0.652147
0.25	2000	0.4	0.9	0.653271
0.25	5000	0.4	0.9	0.650201
0.25	10000	0.4	0.9	0.644095
0.3	100	0.4	0.9	0.624896
0.3	500	0.4	0.9	0.655262
0.3	1000	0.4	0.9	0.659085
0.3	2000	0.4	0.9	0.656795
0.3	5000	0.4	0.9	0.649667
0.3	10000	0.4	0.9	0.640019
0.35	100	0.4	0.9	0.614338
0.35	500	0.4	0.9	0.640858
0.35	1000	0.4	0.9	0.642252
0.35	2000	0.4	0.9	0.644135
0.35	5000	0.4	0.9	0.638373
0.35	10000	0.4	0.9	0.630506
0.4	100	0.4	0.9	0.593373
0.4	500	0.4	0.9	0.622798
0.4	1000	0.4	0.9	0.629591
0.4	2000	0.4	0.9	0.629474
0.4	5000	0.4	0.9	0.619758
0.4	10000	0.4	0.9	0.606641
0.1	100	0.5	0.1	0.44478
0.1	500	0.5	0.1	0.472331
0.1	1000	0.5	0.1	0.498884
0.1	2000	0.5	0.1	0.512365
0.1	5000	0.5	0.1	0.528384
0.1	10000	0.5	0.1	0.536086
0.15	100	0.5	0.1	0.449796
0.15	500	0.5	0.1	0.485999
0.15	1000	0.5	0.1	0.505276
0.15	2000	0.5	0.1	0.517604
0.15	5000	0.5	0.1	0.537145
0.15	10000	0.5	0.1	0.540871
0.2	100	0.5	0.1	0.456542
0.2	500	0.5	0.1	0.490637
0.2	1000	0.5	0.1	0.512127
0.2	2000	0.5	0.1	0.525072
0.2	5000	0.5	0.1	0.542063
0.2	10000	0.5	0.1	0.546561
0.25	100	0.5	0.1	0.468394
0.25	500	0.5	0.1	0.497984
0.25	1000	0.5	0.1	0.518141
0.25	2000	0.5	0.1	0.531731
0.25	5000	0.5	0.1	0.54574
0.25	10000	0.5	0.1	0.551749
0.3	100	0.5	0.1	0.474702
0.3	500	0.5	0.1	0.502593
0.3	1000	0.5	0.1	0.524393
0.3	2000	0.5	0.1	0.538232
0.3	5000	0.5	0.1	0.550579
0.3	10000	0.5	0.1	0.556839
0.35	100	0.5	0.1	0.481976
0.35	500	0.5	0.1	0.506592
0.35	1000	0.5	0.1	0.528856
0.35	2000	0.5	0.1	0.543493
0.35	5000	0.5	0.1	0.55521
0.35	10000	0.5	0.1	0.560506
0.4	100	0.5	0.1	0.489362
0.4	500	0.5	0.1	0.511715
0.4	1000	0.5	0.1	0.531746
0.4	2000	0.5	0.1	0.552433
0.4	5000	0.5	0.1	0.559215
0.4	10000	0.5	0.1	0.566051
0.1	100	0.5	0.2	0.458528
0.1	500	0.5	0.2	0.494325
0.1	1000	0.5	0.2	0.514111
0.1	2000	0.5	0.2	0.527694
0.1	5000	0.5	0.2	0.543752
0.1	10000	0.5	0.2	0.548965
0.15	100	0.5	0.2	0.480462
0.15	500	0.5	0.2	0.506699
0.15	1000	0.5	0.2	0.527655
0.15	2000	0.5	0.2	0.542696
0.15	5000	0.5	0.2	0.553197
0.15	10000	0.5	0.2	0.559124
0.2	100	0.5	0.2	0.496286
0.2	500	0.5	0.2	0.519468
0.2	1000	0.5	0.2	0.536612
0.2	2000	0.5	0.2	0.556388
0.2	5000	0.5	0.2	0.563181
0.2	10000	0.5	0.2	0.569002
0.25	100	0.5	0.2	0.509596
0.25	500	0.5	0.2	0.531999
0.25	1000	0.5	0.2	0.550816
0.25	2000	0.5	0.2	0.566748
0.25	5000	0.5	0.2	0.574384
0.25	10000	0.5	0.2	0.580178
0.3	100	0.5	0.2	0.520743
0.3	500	0.5	0.2	0.54414
0.3	1000	0.5	0.2	0.560993
0.3	2000	0.5	0.2	0.575404
0.3	5000	0.5	0.2	0.584613
0.3	10000	0.5	0.2	0.589602
0.35	100	0.5	0.2	0.533405
0.35	500	0.5	0.2	0.554215
0.35	1000	0.5	0.2	0.570473
0.35	2000	0.5	0.2	0.584153
0.35	5000	0.5	0.2	0.593559
0.35	10000	0.5	0.2	0.599197
0.4	100	0.5	0.2	0.544631
0.4	500	0.5	0.2	0.565492
0.4	1000	0.5	0.2	0.577966
0.4	2000	0.5	0.2	0.595319
0.4	5000	0.5	0.2	0.606965
0.4	10000	0.5	0.2	0.613549
0.1	100	0.5	0.3	0.481991
0.1	500	0.5	0.3	0.507756
0.1	1000	0.5	0.3	0.528503
0.1	2000	0.5	0.3	0.543363
0.1	5000	0.5	0.3	0.554204
0.1	10000	0.5	0.3	0.559714
0.15	100	0.5	0.3	0.505344
0.15	500	0.5	0.3	0.527865
0.15	1000	0.5	0.3	0.545677
0.15	2000	0.5	0.3	0.562975
0.15	5000	0.5	0.3	0.57091
0.15	10000	0.5	0.3	0.576618
0.2	100	0.5	0.3	0.524046
0.2	500	0.5	0.3	0.545739
0.2	1000	0.5	0.3	0.56289
0.2	2000	0.5	0.3	0.577503
0.2	5000	0.5	0.3	0.586523
0.2	10000	0.5	0.3	0.59337
0.25	100	0.5	0.3	0.541824
0.25	500	0.5	0.3	0.563562
0.25	1000	0.5	0.3	0.578234
0.25	2000	0.5	0.3	0.594241
0.25	5000	0.5	0.3	0.607098
0.25	10000	0.5	0.3	0.612455
0.3	100	0.5	0.3	0.560088
0.3	500	0.5	0.3	0.57881
0.3	1000	0.5	0.3	0.590541
0.3	2000	0.5	0.3	0.60675
0.3	5000	0.5	0.3	0.618739
0.3	10000	0.5	0.3	0.619884
0.35	100	0.5	0.3	0.569911
0.35	500	0.5	0.3	0.592722
0.35	1000	0.5	0.3	0.610029
0.35	2000	0.5	0.3	0.619494
0.35	5000	0.5	0.3	0.626956
0.35	10000	0.5	0.3	0.628283
0.4	100	0.5	0.3	0.582969
0.4	500	0.5	0.3	0.606218
0.4	1000	0.5	0.3	0.618094
0.4	2000	0.5	0.3	0.627604
0.4	5000	0.5	0.3	0.636495
0.4	10000	0.5	0.3	0.63755
0.1	100	0.5	0.4	0.500048
0.1	500	0.5	0.4	0.52262
0.1	1000	0.5	0.4	0.539173
0.1	2000	0.5	0.4	0.558969
0.1	5000	0.5	0.4	0.564937
0.1	10000	0.5	0.4	0.5716
0.15	100	0.5	0.4	0.526854
0.15	500	0.5	0.4	0.547115
0.15	1000	0.5	0.4	0.56431
0.15	2000	0.5	0.4	0.579117
0.15	5000	0.5	0.4	0.587687
0.15	10000	0.5	0.4	0.595457
0.2	100	0.5	0.4	0.551422
0.2	500	0.5	0.4	0.572019
0.2	1000	0.5	0.4	0.582973
0.2	2000	0.5	0.4	0.5996
0.2	5000	0.5	0.4	0.612049
0.2	10000	0.5	0.4	0.61627
0.25	100	0.5	0.4	0.569428
0.25	500	0.5	0.4	0.590042
0.25	1000	0.5	0.4	0.606105
0.25	2000	0.5	0.4	0.619688
0.25	5000	0.5	0.4	0.630066
0.25	10000	0.5	0.4	0.627488
0.3	100	0.5	0.4	0.585334
0.3	500	0.5	0.4	0.609258
0.3	1000	0.5	0.4	0.623321
0.3	2000	0.5	0.4	0.638234
0.3	5000	0.5	0.4	0.637333
0.3	10000	0.5	0.4	0.63617
0.35	100	0.5	0.4	0.600428
0.35	500	0.5	0.4	0.626547
0.35	1000	0.5	0.4	0.638385
0.35	2000	0.5	0.4	0.645698
0.35	5000	0.5	0.4	0.644886
0.35	10000	0.5	0.4	0.645049
0.4	100	0.5	0.4	0.617743
0.4	500	0.5	0.4	0.63722
0.4	1000	0.5	0.4	0.649259
0.4	2000	0.5	0.4	0.654216
0.4	5000	0.5	0.4	0.650139
0.4	10000	0.5	0.4	0.645482
0.1	100	0.5	0.5	0.513541
0.1	500	0.5	0.5	0.537181
0.1	1000	0.5	0.5	0.555304
0.1	2000	0.5	0.5	0.571955
0.1	5000	0.5	0.5	0.580204
0.1	10000	0.5	0.5	0.58612
0.15	100	0.5	0.5	0.545562
0.15	500	0.5	0.5	0.568071
0.15	1000	0.5	0.5	0.579431
0.15	2000	0.5	0.5	0.596606
0.15	5000	0.5	0.5	0.609556
0.15	10000	0.5	0.5	0.614468
0.2	100	0.5	0.5	0.570937
0.2	500	0.5	0.5	0.590303
0.2	1000	0.5	0.5	0.607842
0.2	2000	0.5	0.5	0.620737
0.2	5000	0.5	0.5	0.629814
0.2	10000	0.5	0.5	0.627797
0.25	100	0.5	0.5	0.588614
0.25	500	0.5	0.5	0.612974
0.25	1000	0.5	0.5	0.634559
0.25	2000	0.5	0.5	0.639504
0.25	5000	0.5	0.5	0.637268
0.25	10000	0.5	0.5	0.636358
0.3	100	0.5	0.5	0.610412
0.3	500	0.5	0.5	0.636212
0.3	1000	0.5	0.5	0.640108
0.3	2000	0.5	0.5	0.648428
0.3	5000	0.5	0.5	0.648982
0.3	10000	0.5	0.5	0.645495
0.35	100	0.5	0.5	0.622126
0.35	500	0.5	0.5	0.645047
0.35	1000	0.5	0.5	0.649739
0.35	2000	0.5	0.5	0.652093
0.35	5000	0.5	0.5	0.650644
0.35	10000	0.5	0.5	0.644063
0.4	100	0.5	0.5	0.630404
0.4	500	0.5	0.5	0.64842
0.4	1000	0.5	0.5	0.650903
0.4	2000	0.5	0.5	0.651164
0.4	5000	0.5	0.5	0.648033
0.4	10000	0.5	0.5	0.645348
0.1	100	0.5	0.6	0.529175
0.1	500	0.5	0.6	0.547744
0.1	1000	0.5	0.6	0.565602
0.1	2000	0.5	0.6	0.579747
0.1	5000	0.5	0.6	0.589283
0.1	10000	0.5	0.6	0.597158
0.15	100	0.5	0.6	0.563236
0.15	500	0.5	0.6	0.584383
0.15	1000	0.5	0.6	0.600992
0.15	2000	0.5	0.6	0.611762
0.15	5000	0.5	0.6	0.624695
0.15	10000	0.5	0.6	0.625145
0.2	100	0.5	0.6	0.586689
0.2	500	0.5	0.6	0.610825
0.2	1000	0.5	0.6	0.62643
0.2	2000	0.5	0.6	0.638175
0.2	5000	0.5	0.6	0.636465
0.2	10000	0.5	0.6	0.635615
0.25	100	0.5	0.6	0.610841
0.25	500	0.5	0.6	0.635788
0.25	1000	0.5	0.6	0.639333
0.25	2000	0.5	0.6	0.648827
0.25	5000	0.5	0.6	0.64946
0.25	10000	0.5	0.6	0.644986
0.3	100	0.5	0.6	0.622318
0.3	500	0.5	0.6	0.645374
0.3	1000	0.5	0.6	0.650466
0.3	2000	0.5	0.6	0.651179
0.3	5000	0.5	0.6	0.649962
0.3	10000	0.5	0.6	0.643782
0.35	100	0.5	0.6	0.630616
0.35	500	0.5	0.6	0.648751
0.35	1000	0.5	0.6	0.649928
0.35	2000	0.5	0.6	0.649153
0.35	5000	0.5	0.6	0.647115
0.35	10000	0.5	0.6	0.642149
0.4	100	0.5	0.6	0.631959
0.4	500	0.5	0.6	0.657592
0.4	1000	0.5	0.6	0.661497
0.4	2000	0.5	0.6	0.660263
0.4	5000	0.5	0.6	0.652923
0.4	10000	0.5	0.6	0.648822
0.1	100	0.5	0.7	0.541628
0.1	500	0.5	0.7	0.563533
0.1	1000	0.5	0.7	0.577883
0.1	2000	0.5	0.7	0.594372
0.1	5000	0.5	0.7	0.605063
0.1	10000	0.5	0.7	0.610454
0.15	100	0.5	0.7	0.576994
0.15	500	0.5	0.7	0.600034
0.15	1000	0.5	0.7	0.61668
0.15	2000	0.5	0.7	0.627187
0.15	5000	0.5	0.7	0.629164
0.15	10000	0.5	0.7	0.627496
0.2	100	0.5	0.7	0.599637
0.2	500	0.5	0.7	0.632987
0.2	1000	0.5	0.7	0.639138
0.2	2000	0.5	0.7	0.642613
0.2	5000	0.5	0.7	0.642562
0.2	10000	0.5	0.7	0.639704
0.25	100	0.5	0.7	0.617964
0.25	500	0.5	0.7	0.640093
0.25	1000	0.5	0.7	0.649316
0.25	2000	0.5	0.7	0.651609
0.25	5000	0.5	0.7	0.650112
0.25	10000	0.5	0.7	0.643464
0.3	100	0.5	0.7	0.630346
0.3	500	0.5	0.7	0.647429
0.3	1000	0.5	0.7	0.649482
0.3	2000	0.5	0.7	0.650132
0.3	5000	0.5	0.7	0.648633
0.3	10000	0.5	0.7	0.642268
0.35	100	0.5	0.7	0.630545
0.35	500	0.5	0.7	0.656931
0.35	1000	0.5	0.7	0.660035
0.35	2000	0.5	0.7	0.659212
0.35	5000	0.5	0.7	0.655982
0.35	10000	0.5	0.7	0.648032
0.4	100	0.5	0.7	0.622376
0.4	500	0.5	0.7	0.643471
0.4	1000	0.5	0.7	0.644318
0.4	2000	0.5	0.7	0.644685
0.4	5000	0.5	0.7	0.643
0.4	10000	0.5	0.7	0.635781
0.1	100	0.5	0.8	0.554836
0.1	500	0.5	0.8	0.576139
0.1	1000	0.5	0.8	0.588025
0.1	2000	0.5	0.8	0.603512
0.1	5000	0.5	0.8	0.613733
0.1	10000	0.5	0.8	0.618958
0.15	100	0.5	0.8	0.587293
0.15	500	0.5	0.8	0.610181
0.15	1000	0.5	0.8	0.631062
0.15	2000	0.5	0.8	0.638722
0.15	5000	0.5	0.8	0.636128
0.15	10000	0.5	0.8	0.635575
0.2	100	0.5	0.8	0.615876
0.2	500	0.5	0.8	0.636481
0.2	1000	0.5	0.8	0.642429
0.2	2000	0.5	0.8	0.651912
0.2	5000	0.5	0.8	0.649042
0.2	10000	0.5	0.8	0.643708
0.25	100	0.5	0.8	0.629865
0.25	500	0.5	0.8	0.645934
0.25	1000	0.5	0.8	0.646934
0.25	2000	0.5	0.8	0.649762
0.25	5000	0.5	0.8	0.646436
0.25	10000	0.5	0.8	0.644893
0.3	100	0.5	0.8	0.62644
0.3	500	0.5	0.8	0.656359
0.3	1000	0.5	0.8	0.662586
0.3	2000	0.5	0.8	0.654396
0.3	5000	0.5	0.8	0.652479
0.3	10000	0.5	0.8	0.644239
0.35	100	0.5	0.8	0.622949
0.35	500	0.5	0.8	0.642298
0.35	1000	0.5	0.8	0.644322
0.35	2000	0.5	0.8	0.642878
0.35	5000	0.5	0.8	0.643986
0.35	10000	0.5	0.8	0.635891
0.4	100	0.5	0.8	0.606312
0.4	500	0.5	0.8	0.630036
0.4	1000	0.5	0.8	0.636272
0.4	2000	0.5	0.8	0.635535
0.4	5000	0.5	0.8	0.624741
0.4	10000	0.5	0.8	0.617825
0.1	100	0.5	0.9	0.564207
0.1	500	0.5	0.9	0.585691
0.1	1000	0.5	0.9	0.601843
0.1	2000	0.5	0.9	0.614556
0.1	5000	0.5	0.9	0.626582
0.1	10000	0.5	0.9	0.626229
0.15	100	0.5	0.9	0.594177
0.15	500	0.5	0.9	0.631176
0.15	1000	0.5	0.9	0.637305
0.15	2000	0.5	0.9	0.642571
0.15	5000	0.5	0.9	0.640091
0.15	10000	0.5	0.9	0.638036
0.2	100	0.5	0.9	0.620614
0.2	500	0.5	0.9	0.644868
0.2	1000	0.5	0.9	0.649994
0.2	2000	0.5	0.9	0.649938
0.2	5000	0.5	0.9	0.648052
0.2	10000	0.5	0.9	0.64461
0.25	100	0.5	0.9	0.6292
0.25	500	0.5	0.9	0.645823
0.25	1000	0.5	0.9	0.65282
0.25	2000	0.5	0.9	0.652308
0.25	5000	0.5	0.9	0.647679
0.25	10000	0.5	0.9	0.639799
0.3	100	0.5	0.9	0.620523
0.3	500	0.5	0.9	0.645873
0.3	1000	0.5	0.9	0.649412
0.3	2000	0.5	0.9	0.64739
0.3	5000	0.5	0.9	0.648046
0.3	10000	0.5	0.9	0.639771
0.35	100	0.5	0.9	0.607965
0.35	500	0.5	0.9	0.631568
0.35	1000	0.5	0.9	0.635194
0.35	2000	0.5	0.9	0.637523
0.35	5000	0.5	0.9	0.626353
0.35	10000	0.5	0.9	0.621033
0.4	100	0.5	0.9	0.582812
0.4	500	0.5	0.9	0.613192
0.4	1000	0.5	0.9	0.619449
0.4	2000	0.5	0.9	0.619971
0.4	5000	0.5	0.9	0.613797
0.4	10000	0.5	0.9	0.597854
0.1	100	0.6	0.1	0.463556
0.1	500	0.6	0.1	0.491475
0.1	1000	0.6	0.1	0.510282
0.1	2000	0.6	0.1	0.521512
0.1	5000	0.6	0.1	0.537299
0.1	10000	0.6	0.1	0.542128
0.15	100	0.6	0.1	0.47475
0.15	500	0.6	0.1	0.500255
0.15	1000	0.6	0.1	0.514961
0.15	2000	0.6	0.1	0.527201
0.15	5000	0.6	0.1	0.5438
0.15	10000	0.6	0.1	0.548888
0.2	100	0.6	0.1	0.481569
0.2	500	0.6	0.1	0.507531
0.2	1000	0.6	0.1	0.521255
0.2	2000	0.6	0.1	0.537689
0.2	5000	0.6	0.1	0.549046
0.2	10000	0.6	0.1	0.553735
0.25	100	0.6	0.1	0.489271
0.25	500	0.6	0.1	0.512656
0.25	1000	0.6	0.1	0.528553
0.25	2000	0.6	0.1	0.544178
0.25	5000	0.6	0.1	0.553877
0.25	10000	0.6	0.1	0.559686
0.3	100	0.6	0.1	0.495221
0.3	500	0.6	0.1	0.51762
0.3	1000	0.6	0.1	0.534823
0.3	2000	0.6	0.1	0.549832
0.3	5000	0.6	0.1	0.559642
0.3	10000	0.6	0.1	0.565217
0.35	100	0.6	0.1	0.501185
0.35	500	0.6	0.1	0.524012
0.35	1000	0.6	0.1	0.54169
0.35	2000	0.6	0.1	0.555292
0.35	5000	0.6	0.1	0.564715
0.35	10000	0.6	0.1	0.570705
0.4	100	0.6	0.1	0.506776
0.4	500	0.6	0.1	0.530144
0.4	1000	0.6	0.1	0.546536
0.4	2000	0.6	0.1	0.559315
0.4	5000	0.6	0.1	0.568734
0.4	10000	0.6	0.1	0.576526
0.1	100	0.6	0.2	0.484209
0.1	500	0.6	0.2	0.51
0.1	1000	0.6	0.2	0.523888
0.1	2000	0.6	0.2	0.539772
0.1	5000	0.6	0.2	0.551043
0.1	10000	0.6	0.2	0.555544
0.15	100	0.6	0.2	0.498604
0.15	500	0.6	0.2	0.521265
0.15	1000	0.6	0.2	0.537149
0.15	2000	0.6	0.2	0.552236
0.15	5000	0.6	0.2	0.561236
0.15	10000	0.6	0.2	0.566746
0.2	100	0.6	0.2	0.513024
0.2	500	0.6	0.2	0.533882
0.2	1000	0.6	0.2	0.548846
0.2	2000	0.6	0.2	0.561579
0.2	5000	0.6	0.2	0.57292
0.2	10000	0.6	0.2	0.579058
0.25	100	0.6	0.2	0.522886
0.25	500	0.6	0.2	0.547446
0.25	1000	0.6	0.2	0.560142
0.25	2000	0.6	0.2	0.57307
0.25	5000	0.6	0.2	0.580935
0.25	10000	0.6	0.2	0.588967
0.3	100	0.6	0.2	0.537481
0.3	500	0.6	0.2	0.557702
0.3	1000	0.6	0.2	0.572726
0.3	2000	0.6	0.2	0.586997
0.3	5000	0.6	0.2	0.591887
0.3	10000	0.6	0.2	0.600364
0.35	100	0.6	0.2	0.55068
0.35	500	0.6	0.2	0.572657
0.35	1000	0.6	0.2	0.58441
0.35	2000	0.6	0.2	0.596886
0.35	5000	0.6	0.2	0.60802
0.35	10000	0.6	0.2	0.614364
0.4	100	0.6	0.2	0.561472
0.4	500	0.6	0.2	0.582866
0.4	1000	0.6	0.2	0.596341
0.4	2000	0.6	0.2	0.606388
0.4	5000	0.6	0.2	0.617797
0.4	10000	0.6	0.2	0.619337
0.1	100	0.6	0.3	0.499871
0.1	500	0.6	0.3	0.522862
0.1	1000	0.6	0.3	0.53766
0.1	2000	0.6	0.3	0.553492
0.1	5000	0.6	0.3	0.561423
0.1	10000	0.6	0.3	0.568258
0.15	100	0.6	0.3	0.520697
0.15	500	0.6	0.3	0.543403
0.15	1000	0.6	0.3	0.557818
0.15	2000	0.6	0.3	0.566833
0.15	5000	0.6	0.3	0.577978
0.15	10000	0.6	0.3	0.585512
0.2	100	0.6	0.3	0.542265
0.2	500	0.6	0.3	0.559537
0.2	1000	0.6	0.3	0.573806
0.2	2000	0.6	0.3	0.587992
0.2	5000	0.6	0.3	0.600507
0.2	10000	0.6	0.3	0.604365
0.25	100	0.6	0.3	0.559579
0.25	500	0.6	0.3	0.58004
0.25	1000	0.6	0.3	0.595917
0.25	2000	0.6	0.3	0.606063
0.25	5000	0.6	0.3	0.617124
0.25	10000	0.6	0.3	0.618079
0.3	100	0.6	0.3	0.571242
0.3	500	0.6	0.3	0.594248
0.3	1000	0.6	0.3	0.607619
0.3	2000	0.6	0.3	0.61753
0.3	5000	0.6	0.3	0.623807
0.3	10000	0.6	0.3	0.626316
0.35	100	0.6	0.3	0.586135
0.35	500	0.6	0.3	0.610913
0.35	1000	0.6	0.3	0.619773
0.35	2000	0.6	0.3	0.634858
0.35	5000	0.6	0.3	0.637656
0.35	10000	0.6	0.3	0.635315
0.4	100	0.6	0.3	0.59868
0.4	500	0.6	0.3	0.62659
0.4	1000	0.6	0.3	0.63347
0.4	2000	0.6	0.3	0.642519
0.4	5000	0.6	0.3	0.648468
0.4	10000	0.6	0.3	0.646016
0.1	100	0.6	0.4	0.516487
0.1	500	0.6	0.4	0.53859
0.1	1000	0.6	0.4	0.550419
0.1	2000	0.6	0.4	0.563206
0.1	5000	0.6	0.4	0.573851
0.1	10000	0.6	0.4	0.581257
0.15	100	0.6	0.4	0.543563
0.15	500	0.6	0.4	0.561868
0.15	1000	0.6	0.4	0.579914
0.15	2000	0.6	0.4	0.591982
0.15	5000	0.6	0.4	0.601915
0.15	10000	0.6	0.4	0.605271
0.2	100	0.6	0.4	0.56585
0.2	500	0.6	0.4	0.585817
0.2	1000	0.6	0.4	0.601005
0.2	2000	0.6	0.4	0.610728
0.2	5000	0.6	0.4	0.621213
0.2	10000	0.6	0.4	0.620786
0.25	100	0.6	0.4	0.582946
0.25	500	0.6	0.4	0.603635
0.25	1000	0.6	0.4	0.617452
0.25	2000	0.6	0.4	0.627719
0.25	5000	0.6	0.4	0.635852
0.25	10000	0.6	0.4	0.635504
0.3	100	0.6	0.4	0.600367
0.3	500	0.6	0.4	0.630703
0.3	1000	0.6	0.4	0.637732
0.3	2000	0.6	0.4	0.642352
0.3	5000	0.6	0.4	0.643732
0.3	10000	0.6	0.4	0.64618
0.35	100	0.6	0.4	0.619739
0.35	500	0.6	0.4	0.637172
0.35	1000	0.6	0.4	0.648504
0.35	2000	0.6	0.4	0.651176
0.35	5000	0.6	0.4	0.647094
0.35	10000	0.6	0.4	0.646334
0.4	100	0.6	0.4	0.63169
0.4	500	0.6	0.4	0.643476
0.4	1000	0.6	0.4	0.649632
0.4	2000	0.6	0.4	0.653246
0.4	5000	0.6	0.4	0.650069
0.4	10000	0.6	0.4	0.648136
0.1	100	0.6	0.5	0.530304
0.1	500	0.6	0.5	0.551493
0.1	1000	0.6	0.5	0.566296
0.1	2000	0.6	0.5	0.578878
0.1	5000	0.6	0.5	0.585716
0.1	10000	0.6	0.5	0.59645
0.15	100	0.6	0.5	0.562419
0.15	500	0.6	0.5	0.582399
0.15	1000	0.6	0.5	0.597375
0.15	2000	0.6	0.5	0.610273
0.15	5000	0.6	0.5	0.618876
0.15	10000	0.6	0.5	0.619991
0.2	100	0.6	0.5	0.586357
0.2	500	0.6	0.5	0.609803
0.2	1000	0.6	0.5	0.618477
0.2	2000	0.6	0.5	0.635452
0.2	5000	0.6	0.5	0.636027
0.2	10000	0.6	0.5	0.635286
0.25	100	0.6	0.5	0.602417
0.25	500	0.6	0.5	0.634409
0.25	1000	0.6	0.5	0.638165
0.25	2000	0.6	0.5	0.645379
0.25	5000	0.6	0.5	0.647727
0.25	10000	0.6	0.5	0.645984
0.3	100	0.6	0.5	0.619398
0.3	500	0.6	0.5	0.637961
0.3	1000	0.6	0.5	0.647362
0.3	2000	0.6	0.5	0.649474
0.3	5000	0.6	0.5	0.648518
0.3	10000	0.6	0.5	0.648809
0.35	100	0.6	0.5	0.635533
0.35	500	0.6	0.5	0.644835
0.35	1000	0.6	0.5	0.649527
0.35	2000	0.6	0.5	0.650825
0.35	5000	0.6	0.5	0.648885
0.35	10000	0.6	0.5	0.646003
0.4	100	0.6	0.5	0.634701
0.4	500	0.6	0.5	0.64479
0.4	1000	0.6	0.5	0.649833
0.4	2000	0.6	0.5	0.653529
0.4	5000	0.6	0.5	0.650603
0.4	10000	0.6	0.5	0.647703
0.1	100	0.6	0.6	0.544459
0.1	500	0.6	0.6	0.562289
0.1	1000	0.6	0.6	0.5811
0.1	2000	0.6	0.6	0.593794
0.1	5000	0.6	0.6	0.602767
0.1	10000	0.6	0.6	0.606756
0.15	100	0.6	0.6	0.576166
0.15	500	0.6	0.6	0.597637
0.15	1000	0.6	0.6	0.61257
0.15	2000	0.6	0.6	0.622055
0.15	5000	0.6	0.6	0.629496
0.15	10000	0.6	0.6	0.629634
0.2	100	0.6	0.6	0.599623
0.2	500	0.6	0.6	0.632036
0.2	1000	0.6	0.6	0.637846
0.2	2000	0.6	0.6	0.641906
0.2	5000	0.6	0.6	0.643103
0.2	10000	0.6	0.6	0.639227
0.25	100	0.6	0.6	0.62357
0.25	500	0.6	0.6	0.636984
0.25	1000	0.6	0.6	0.647641
0.25	2000	0.6	0.6	0.649351
0.25	5000	0.6	0.6	0.648939
0.25	10000	0.6	0.6	0.648523
0.3	100	0.6	0.6	0.634115
0.3	500	0.6	0.6	0.646232
0.3	1000	0.6	0.6	0.648657
0.3	2000	0.6	0.6	0.651998
0.3	5000	0.6	0.6	0.646951
0.3	10000	0.6	0.6	0.643948
0.35	100	0.6	0.6	0.633668
0.35	500	0.6	0.6	0.649675
0.35	1000	0.6	0.6	0.653141
0.35	2000	0.6	0.6	0.65126
0.35	5000	0.6	0.6	0.649395
0.35	10000	0.6	0.6	0.643757
0.4	100	0.6	0.6	0.628549
0.4	500	0.6	0.6	0.649591
0.4	1000	0.6	0.6	0.648193
0.4	2000	0.6	0.6	0.647476
0.4	5000	0.6	0.6	0.645707
0.4	10000	0.6	0.6	0.639361
0.1	100	0.6	0.7	0.557021
0.1	500	0.6	0.7	0.580419
0.1	1000	0.6	0.7	0.593641
0.1	2000	0.6	0.7	0.608923
0.1	5000	0.6	0.7	0.615041
0.1	10000	0.6	0.7	0.617779
0.15	100	0.6	0.7	0.589418
0.15	500	0.6	0.7	0.615036
0.15	1000	0.6	0.7	0.631771
0.15	2000	0.6	0.7	0.638268
0.15	5000	0.6	0.7	0.637618
0.15	10000	0.6	0.7	0.635488
0.2	100	0.6	0.7	0.61642
0.2	500	0.6	0.7	0.635718
0.2	1000	0.6	0.7	0.641224
0.2	2000	0.6	0.7	0.648741
0.2	5000	0.6	0.7	0.646751
0.2	10000	0.6	0.7	0.645282
0.25	100	0.6	0.7	0.634333
0.25	500	0.6	0.7	0.642986
0.25	1000	0.6	0.7	0.646475
0.25	2000	0.6	0.7	0.649356
0.25	5000	0.6	0.7	0.64777
0.25	10000	0.6	0.7	0.643967
0.3	100	0.6	0.7	0.632963
0.3	500	0.6	0.7	0.650333
0.3	1000	0.6	0.7	0.653253
0.3	2000	0.6	0.7	0.652034
0.3	5000	0.6	0.7	0.648897
0.3	10000	0.6	0.7	0.643296
0.35	100	0.6	0.7	0.626353
0.35	500	0.6	0.7	0.646623
0.35	1000	0.6	0.7	0.64585
0.35	2000	0.6	0.7	0.64635
0.35	5000	0.6	0.7	0.643909
0.35	10000	0.6	0.7	0.637297
0.4	100	0.6	0.7	0.61538
0.4	500	0.6	0.7	0.633349
0.4	1000	0.6	0.7	0.635086
0.4	2000	0.6	0.7	0.637747
0.4	5000	0.6	0.7	0.631653
0.4	10000	0.6	0.7	0.625799
0.1	100	0.6	0.8	0.568186
0.1	500	0.6	0.8	0.589975
0.1	1000	0.6	0.8	0.60429
0.1	2000	0.6	0.8	0.612979
0.1	5000	0.6	0.8	0.622539
0.1	10000	0.6	0.8	0.62267
0.15	100	0.6	0.8	0.601581
0.15	500	0.6	0.8	0.632831
0.15	1000	0.6	0.8	0.636434
0.15	2000	0.6	0.8	0.640755
0.15	5000	0.6	0.8	0.643354
0.15	10000	0.6	0.8	0.640497
0.2	100	0.6	0.8	0.630224
0.2	500	0.6	0.8	0.64292
0.2	1000	0.6	0.8	0.647098
0.2	2000	0.6	0.8	0.650382
0.2	5000	0.6	0.8	0.648222
0.2	10000	0.6	0.8	0.64703
0.25	100	0.6	0.8	0.634384
0.25	500	0.6	0.8	0.644073
0.25	1000	0.6	0.8	0.64843
0.25	2000	0.6	0.8	0.649439
0.25	5000	0.6	0.8	0.646935
0.25	10000	0.6	0.8	0.647532
0.3	100	0.6	0.8	0.627413
0.3	500	0.6	0.8	0.648893
0.3	1000	0.6	0.8	0.647691
0.3	2000	0.6	0.8	0.647273
0.3	5000	0.6	0.8	0.644534
0.3	10000	0.6	0.8	0.640646
0.35	100	0.6	0.8	0.614114
0.35	500	0.6	0.8	0.633859
0.35	1000	0.6	0.8	0.633002
0.35	2000	0.6	0.8	0.637289
0.35	5000	0.6	0.8	0.631821
0.35	10000	0.6	0.8	0.62611
0.4	100	0.6	0.8	0.600617
0.4	500	0.6	0.8	0.618254
0.4	1000	0.6	0.8	0.621817
0.4	2000	0.6	0.8	0.621016
0.4	5000	0.6	0.8	0.613917
0.4	10000	0.6	0.8	0.607805
0.1	100	0.6	0.9	0.580185
0.1	500	0.6	0.9	0.598867
0.1	1000	0.6	0.9	0.614053
0.1	2000	0.6	0.9	0.625579
0.1	5000	0.6	0.9	0.628579
0.1	10000	0.6	0.9	0.628053
0.15	100	0.6	0.9	0.612727
0.15	500	0.6	0.9	0.634805
0.15	1000	0.6	0.9	0.641289
0.15	2000	0.6	0.9	0.650282
0.15	5000	0.6	0.9	0.646774
0.15	10000	0.6	0.9	0.644838
0.2	100	0.6	0.9	0.63146
0.2	500	0.6	0.9	0.643991
0.2	1000	0.6	0.9	0.648942
0.2	2000	0.6	0.9	0.650571
0.2	5000	0.6	0.9	0.645787
0.2	10000	0.6	0.9	0.641985
0.25	100	0.6	0.9	0.633775
0.25	500	0.6	0.9	0.648024
0.25	1000	0.6	0.9	0.64835
0.25	2000	0.6	0.9	0.6465
0.25	5000	0.6	0.9	0.64436
0.25	10000	0.6	0.9	0.639825
0.3	100	0.6	0.9	0.618823
0.3	500	0.6	0.9	0.63655
0.3	1000	0.6	0.9	0.636932
0.3	2000	0.6	0.9	0.639351
0.3	5000	0.6	0.9	0.636573
0.3	10000	0.6	0.9	0.629926
0.35	100	0.6	0.9	0.60318
0.35	500	0.6	0.9	0.619671
0.35	1000	0.6	0.9	0.623619
0.35	2000	0.6	0.9	0.626415
0.35	5000	0.6	0.9	0.617539
0.35	10000	0.6	0.9	0.609516
0.4	100	0.6	0.9	0.579906
0.4	500	0.6	0.9	0.60388
0.4	1000	0.6	0.9	0.608099
0.4	2000	0.6	0.9	0.606286
0.4	5000	0.6	0.9	0.598051
0.4	10000	0.6	0.9	0.586106
0.1	100	0.7	0.1	0.483222
0.1	500	0.7	0.1	0.507249
0.1	1000	0.7	0.1	0.514917
0.1	2000	0.7	0.1	0.530751
0.1	5000	0.7	0.1	0.542418
0.1	10000	0.7	0.1	0.545111
0.15	100	0.7	0.1	0.491638
0.15	500	0.7	0.1	0.512404
0.15	1000	0.7	0.1	0.525674
0.15	2000	0.7	0.1	0.539463
0.15	5000	0.7	0.1	0.548554
0.15	10000	0.7	0.1	0.552894
0.2	100	0.7	0.1	0.498759
0.2	500	0.7	0.1	0.519038
0.2	1000	0.7	0.1	0.533927
0.2	2000	0.7	0.1	0.546905
0.2	5000	0.7	0.1	0.553391
0.2	10000	0.7	0.1	0.558714
0.25	100	0.7	0.1	0.504383
0.25	500	0.7	0.1	0.525491
0.25	1000	0.7	0.1	0.539807
0.25	2000	0.7	0.1	0.551655
0.25	5000	0.7	0.1	0.560039
0.25	10000	0.7	0.1	0.565282
0.3	100	0.7	0.1	0.512196
0.3	500	0.7	0.1	0.533976
0.3	1000	0.7	0.1	0.546215
0.3	2000	0.7	0.1	0.557572
0.3	5000	0.7	0.1	0.566354
0.3	10000	0.7	0.1	0.57131
0.35	100	0.7	0.1	0.517614
0.35	500	0.7	0.1	0.54127
0.35	1000	0.7	0.1	0.551786
0.35	2000	0.7	0.1	0.560595
0.35	5000	0.7	0.1	0.571544
0.35	10000	0.7	0.1	0.574312
0.4	100	0.7	0.1	0.522637
0.4	500	0.7	0.1	0.545958
0.4	1000	0.7	0.1	0.561929
0.4	2000	0.7	0.1	0.566352
0.4	5000	0.7	0.1	0.578036
0.4	10000	0.7	0.1	0.581866
0.1	100	0.7	0.2	0.500223
0.1	500	0.7	0.2	0.520633
0.1	1000	0.7	0.2	0.536087
0.1	2000	0.7	0.2	0.549129
0.1	5000	0.7	0.2	0.554493
0.1	10000	0.7	0.2	0.560175
0.15	100	0.7	0.2	0.514202
0.15	500	0.7	0.2	0.53646
0.15	1000	0.7	0.2	0.549077
0.15	2000	0.7	0.2	0.558784
0.15	5000	0.7	0.2	0.569205
0.15	10000	0.7	0.2	0.572583
0.2	100	0.7	0.2	0.526796
0.2	500	0.7	0.2	0.547741
0.2	1000	0.7	0.2	0.563429
0.2	2000	0.7	0.2	0.569434
0.2	5000	0.7	0.2	0.581349
0.2	10000	0.7	0.2	0.584611
0.25	100	0.7	0.2	0.544395
0.25	500	0.7	0.2	0.562708
0.25	1000	0.7	0.2	0.573414
0.25	2000	0.7	0.2	0.580651
0.25	5000	0.7	0.2	0.594817
0.25	10000	0.7	0.2	0.59806
0.3	100	0.7	0.2	0.558525
0.3	500	0.7	0.2	0.57733
0.3	1000	0.7	0.2	0.591812
0.3	2000	0.7	0.2	0.594249
0.3	5000	0.7	0.2	0.603527
0.3	10000	0.7	0.2	0.610006
0.35	100	0.7	0.2	0.568543
0.35	500	0.7	0.2	0.592891
0.35	1000	0.7	0.2	0.601372
0.35	2000	0.7	0.2	0.607218
0.35	5000	0.7	0.2	0.616881
0.35	10000	0.7	0.2	0.620632
0.4	100	0.7	0.2	0.578269
0.4	500	0.7	0.2	0.602377
0.4	1000	0.7	0.2	0.610837
0.4	2000	0.7	0.2	0.622186
0.4	5000	0.7	0.2	0.622392
0.4	10000	0.7	0.2	0.625096
0.1	100	0.7	0.3	0.515584
0.1	500	0.7	0.3	0.538767
0.1	1000	0.7	0.3	0.549538
0.1	2000	0.7	0.3	0.559222
0.1	5000	0.7	0.3	0.569887
0.1	10000	0.7	0.3	0.573267
0.15	100	0.7	0.3	0.540311
0.15	500	0.7	0.3	0.555407
0.15	1000	0.7	0.3	0.570713
0.15	2000	0.7	0.3	0.575567
0.15	5000	0.7	0.3	0.590685
0.15	10000	0.7	0.3	0.594452
0.2	100	0.7	0.3	0.560735
0.2	500	0.7	0.3	0.578441
0.2	1000	0.7	0.3	0.594388
0.2	2000	0.7	0.3	0.598984
0.2	5000	0.7	0.3	0.609286
0.2	10000	0.7	0.3	0.616061
0.25	100	0.7	0.3	0.575023
0.25	500	0.7	0.3	0.600503
0.25	1000	0.7	0.3	0.608617
0.25	2000	0.7	0.3	0.61803
0.25	5000	0.7	0.3	0.621682
0.25	10000	0.7	0.3	0.623174
0.3	100	0.7	0.3	0.588668
0.3	500	0.7	0.3	0.612967
0.3	1000	0.7	0.3	0.619106
0.3	2000	0.7	0.3	0.631992
0.3	5000	0.7	0.3	0.633669
0.3	10000	0.7	0.3	0.634229
0.35	100	0.7	0.3	0.600942
0.35	500	0.7	0.3	0.629335
0.35	1000	0.7	0.3	0.629585
0.35	2000	0.7	0.3	0.638169
0.35	5000	0.7	0.3	0.645954
0.35	10000	0.7	0.3	0.643324
0.4	100	0.7	0.3	0.621822
0.4	500	0.7	0.3	0.636921
0.4	1000	0.7	0.3	0.646509
0.4	2000	0.7	0.3	0.64901
0.4	5000	0.7	0.3	0.647102
0.4	10000	0.7	0.3	0.650591
0.1	100	0.7	0.4	0.532763
0.1	500	0.7	0.4	0.550027
0.1	1000	0.7	0.4	0.566902
0.1	2000	0.7	0.4	0.570445
0.1	5000	0.7	0.4	0.583376
0.1	10000	0.7	0.4	0.588914
0.15	100	0.7	0.4	0.562559
0.15	500	0.7	0.4	0.580051
0.15	1000	0.7	0.4	0.595533
0.15	2000	0.7	0.4	0.599899
0.15	5000	0.7	0.4	0.610291
0.15	10000	0.7	0.4	0.616954
0.2	100	0.7	0.4	0.582159
0.2	500	0.7	0.4	0.60621
0.2	1000	0.7	0.4	0.615483
0.2	2000	0.7	0.4	0.625265
0.2	5000	0.7	0.4	0.622667
0.2	10000	0.7	0.4	0.625657
0.25	100	0.7	0.4	0.601852
0.25	500	0.7	0.4	0.625194
0.25	1000	0.7	0.4	0.629493
0.25	2000	0.7	0.4	0.638506
0.25	5000	0.7	0.4	0.639862
0.25	10000	0.7	0.4	0.639651
0.3	100	0.7	0.4	0.62179
0.3	500	0.7	0.4	0.636176
0.3	1000	0.7	0.4	0.646101
0.3	2000	0.7	0.4	0.649596
0.3	5000	0.7	0.4	0.647516
0.3	10000	0.7	0.4	0.650874
0.35	100	0.7	0.4	0.639172
0.35	500	0.7	0.4	0.643585
0.35	1000	0.7	0.4	0.649165
0.35	2000	0.7	0.4	0.650452
0.35	5000	0.7	0.4	0.65178
0.35	10000	0.7	0.4	0.647148
0.4	100	0.7	0.4	0.637715
0.4	500	0.7	0.4	0.646083
0.4	1000	0.7	0.4	0.64918
0.4	2000	0.7	0.4	0.649972
0.4	5000	0.7	0.4	0.653922
0.4	10000	0.7	0.4	0.649753
0.1	100	0.7	0.5	0.548247
0.1	500	0.7	0.5	0.567606
0.1	1000	0.7	0.5	0.581691
0.1	2000	0.7	0.5	0.589732
0.1	5000	0.7	0.5	0.599335
0.1	10000	0.7	0.5	0.601911
0.15	100	0.7	0.5	0.577959
0.15	500	0.7	0.5	0.603082
0.15	1000	0.7	0.5	0.610367
0.15	2000	0.7	0.5	0.618613
0.15	5000	0.7	0.5	0.621059
0.15	10000	0.7	0.5	0.62433
0.2	100	0.7	0.5	0.602732
0.2	500	0.7	0.5	0.628272
0.2	1000	0.7	0.5	0.632404
0.2	2000	0.7	0.5	0.638101
0.2	5000	0.7	0.5	0.639499
0.2	10000	0.7	0.5	0.639565
0.25	100	0.7	0.5	0.62401
0.25	500	0.7	0.5	0.638533
0.25	1000	0.7	0.5	0.647364
0.25	2000	0.7	0.5	0.645797
0.25	5000	0.7	0.5	0.645743
0.25	10000	0.7	0.5	0.648336
0.3	100	0.7	0.5	0.638601
0.3	500	0.7	0.5	0.645305
0.3	1000	0.7	0.5	0.649313
0.3	2000	0.7	0.5	0.651312
0.3	5000	0.7	0.5	0.649504
0.3	10000	0.7	0.5	0.644577
0.35	100	0.7	0.5	0.637385
0.35	500	0.7	0.5	0.650381
0.35	1000	0.7	0.5	0.651466
0.35	2000	0.7	0.5	0.653051
0.35	5000	0.7	0.5	0.652048
0.35	10000	0.7	0.5	0.647758
0.4	100	0.7	0.5	0.636821
0.4	500	0.7	0.5	0.645969
0.4	1000	0.7	0.5	0.646583
0.4	2000	0.7	0.5	0.646838
0.4	5000	0.7	0.5	0.641374
0.4	10000	0.7	0.5	0.63647
0.1	100	0.7	0.6	0.564168
0.1	500	0.7	0.6	0.582635
0.1	1000	0.7	0.6	0.597673
0.1	2000	0.7	0.6	0.602685
0.1	5000	0.7	0.6	0.611138
0.1	10000	0.7	0.6	0.617454
0.15	100	0.7	0.6	0.593632
0.15	500	0.7	0.6	0.614098
0.15	1000	0.7	0.6	0.626929
0.15	2000	0.7	0.6	0.635822
0.15	5000	0.7	0.6	0.636541
0.15	10000	0.7	0.6	0.636544
0.2	100	0.7	0.6	0.623056
0.2	500	0.7	0.6	0.635044
0.2	1000	0.7	0.6	0.645713
0.2	2000	0.7	0.6	0.64668
0.2	5000	0.7	0.6	0.645143
0.2	10000	0.7	0.6	0.649353
0.25	100	0.7	0.6	0.638617
0.25	500	0.7	0.6	0.644991
0.25	1000	0.7	0.6	0.649674
0.25	2000	0.7	0.6	0.65113
0.25	5000	0.7	0.6	0.649322
0.25	10000	0.7	0.6	0.644474
0.3	100	0.7	0.6	0.63547
0.3	500	0.7	0.6	0.648763
0.3	1000	0.7	0.6	0.651182
0.3	2000	0.7	0.6	0.651578
0.3	5000	0.7	0.6	0.648834
0.3	10000	0.7	0.6	0.646812
0.35	100	0.7	0.6	0.633753
0.35	500	0.7	0.6	0.640799
0.35	1000	0.7	0.6	0.642274
0.35	2000	0.7	0.6	0.642473
0.35	5000	0.7	0.6	0.639336
0.35	10000	0.7	0.6	0.634877
0.4	100	0.7	0.6	0.623613
0.4	500	0.7	0.6	0.638226
0.4	1000	0.7	0.6	0.635955
0.4	2000	0.7	0.6	0.636765
0.4	5000	0.7	0.6	0.633585
0.4	10000	0.7	0.6	0.628611
0.1	100	0.7	0.7	0.576162
0.1	500	0.7	0.7	0.599481
0.1	1000	0.7	0.7	0.608285
0.1	2000	0.7	0.7	0.614024
0.1	5000	0.7	0.7	0.619216
0.1	10000	0.7	0.7	0.622932
0.15	100	0.7	0.7	0.615108
0.15	500	0.7	0.7	0.632158
0.15	1000	0.7	0.7	0.634419
0.15	2000	0.7	0.7	0.640396
0.15	5000	0.7	0.7	0.641449
0.15	10000	0.7	0.7	0.645418
0.2	100	0.7	0.7	0.630213
0.2	500	0.7	0.7	0.64316
0.2	1000	0.7	0.7	0.646333
0.2	2000	0.7	0.7	0.648488
0.2	5000	0.7	0.7	0.649243
0.2	10000	0.7	0.7	0.646646
0.25	100	0.7	0.7	0.63671
0.25	500	0.7	0.7	0.648553
0.25	1000	0.7	0.7	0.65072
0.25	2000	0.7	0.7	0.650738
0.25	5000	0.7	0.7	0.648919
0.25	10000	0.7	0.7	0.647415
0.3	100	0.7	0.7	0.633045
0.3	500	0.7	0.7	0.641332
0.3	1000	0.7	0.7	0.641968
0.3	2000	0.7	0.7	0.642045
0.3	5000	0.7	0.7	0.63961
0.3	10000	0.7	0.7	0.634461
0.35	100	0.7	0.7	0.61659
0.35	500	0.7	0.7	0.635538
0.35	1000	0.7	0.7	0.6353
0.35	2000	0.7	0.7	0.636491
0.35	5000	0.7	0.7	0.634522
0.35	10000	0.7	0.7	0.629641
0.4	100	0.7	0.7	0.609994
0.4	500	0.7	0.7	0.617822
0.4	1000	0.7	0.7	0.620448
0.4	2000	0.7	0.7	0.620774
0.4	5000	0.7	0.7	0.618262
0.4	10000	0.7	0.7	0.615005
0.1	100	0.7	0.8	0.583045
0.1	500	0.7	0.8	0.610064
0.1	1000	0.7	0.8	0.618869
0.1	2000	0.7	0.8	0.622998
0.1	5000	0.7	0.8	0.626706
0.1	10000	0.7	0.8	0.628726
0.15	100	0.7	0.8	0.622484
0.15	500	0.7	0.8	0.63371
0.15	1000	0.7	0.8	0.639246
0.15	2000	0.7	0.8	0.64647
0.15	5000	0.7	0.8	0.645919
0.15	10000	0.7	0.8	0.648597
0.2	100	0.7	0.8	0.635225
0.2	500	0.7	0.8	0.64188
0.2	1000	0.7	0.8	0.646477
0.2	2000	0.7	0.8	0.647695
0.2	5000	0.7	0.8	0.646684
0.2	10000	0.7	0.8	0.645594
0.25	100	0.7	0.8	0.635826
0.25	500	0.7	0.8	0.647468
0.25	1000	0.7	0.8	0.645919
0.25	2000	0.7	0.8	0.646223
0.25	5000	0.7	0.8	0.642558
0.25	10000	0.7	0.8	0.637726
0.3	100	0.7	0.8	0.618771
0.3	500	0.7	0.8	0.637521
0.3	1000	0.7	0.8	0.637087
0.3	2000	0.7	0.8	0.637583
0.3	5000	0.7	0.8	0.633374
0.3	10000	0.7	0.8	0.629921
0.35	100	0.7	0.8	0.609857
0.35	500	0.7	0.8	0.618458
0.35	1000	0.7	0.8	0.62035
0.35	2000	0.7	0.8	0.621371
0.35	5000	0.7	0.8	0.618585
0.35	10000	0.7	0.8	0.615917
0.4	100	0.7	0.8	0.595571
0.4	500	0.7	0.8	0.607442
0.4	1000	0.7	0.8	0.609263
0.4	2000	0.7	0.8	0.608211
0.4	5000	0.7	0.8	0.603786
0.4	10000	0.7	0.8	0.599128
0.1	100	0.7	0.9	0.593464
0.1	500	0.7	0.9	0.617543
0.1	1000	0.7	0.9	0.629721
0.1	2000	0.7	0.9	0.63629
0.1	5000	0.7	0.9	0.636051
0.1	10000	0.7	0.9	0.636824
0.15	100	0.7	0.9	0.625776
0.15	500	0.7	0.9	0.643654
0.15	1000	0.7	0.9	0.647566
0.15	2000	0.7	0.9	0.647491
0.15	5000	0.7	0.9	0.648818
0.15	10000	0.7	0.9	0.64655
0.2	100	0.7	0.9	0.635567
0.2	500	0.7	0.9	0.64667
0.2	1000	0.7	0.9	0.648476
0.2	2000	0.7	0.9	0.650054
0.2	5000	0.7	0.9	0.648035
0.2	10000	0.7	0.9	0.644519
0.25	100	0.7	0.9	0.629202
0.25	500	0.7	0.9	0.636597
0.25	1000	0.7	0.9	0.635635
0.25	2000	0.7	0.9	0.635796
0.25	5000	0.7	0.9	0.633043
0.25	10000	0.7	0.9	0.629147
0.3	100	0.7	0.9	0.610809
0.3	500	0.7	0.9	0.623005
0.3	1000	0.7	0.9	0.624104
0.3	2000	0.7	0.9	0.627808
0.3	5000	0.7	0.9	0.624206
0.3	10000	0.7	0.9	0.620004
0.35	100	0.7	0.9	0.598989
0.35	500	0.7	0.9	0.609424
0.35	1000	0.7	0.9	0.611421
0.35	2000	0.7	0.9	0.611008
0.35	5000	0.7	0.9	0.606348
0.35	10000	0.7	0.9	0.601012
0.4	100	0.7	0.9	0.576711
0.4	500	0.7	0.9	0.592819
0.4	1000	0.7	0.9	0.595518
0.4	2000	0.7	0.9	0.590958
0.4	5000	0.7	0.9	0.587518
0.4	10000	0.7	0.9	0.573043
0.1	100	0.8	0.1	0.50429
0.1	500	0.8	0.1	0.516557
0.1	1000	0.8	0.1	0.531257
0.1	2000	0.8	0.1	0.53955
0.1	5000	0.8	0.1	0.546556
0.1	10000	0.8	0.1	0.54949
0.15	100	0.8	0.1	0.511895
0.15	500	0.8	0.1	0.524237
0.15	1000	0.8	0.1	0.539192
0.15	2000	0.8	0.1	0.547198
0.15	5000	0.8	0.1	0.553826
0.15	10000	0.8	0.1	0.555738
0.2	100	0.8	0.1	0.519031
0.2	500	0.8	0.1	0.533029
0.2	1000	0.8	0.1	0.547178
0.2	2000	0.8	0.1	0.552893
0.2	5000	0.8	0.1	0.559813
0.2	10000	0.8	0.1	0.563751
0.25	100	0.8	0.1	0.524775
0.25	500	0.8	0.1	0.540118
0.25	1000	0.8	0.1	0.552438
0.25	2000	0.8	0.1	0.558983
0.25	5000	0.8	0.1	0.568224
0.25	10000	0.8	0.1	0.570694
0.3	100	0.8	0.1	0.53195
0.3	500	0.8	0.1	0.548952
0.3	1000	0.8	0.1	0.558585
0.3	2000	0.8	0.1	0.564569
0.3	5000	0.8	0.1	0.572231
0.3	10000	0.8	0.1	0.5782
0.35	100	0.8	0.1	0.5392
0.35	500	0.8	0.1	0.561364
0.35	1000	0.8	0.1	0.561989
0.35	2000	0.8	0.1	0.570444
0.35	5000	0.8	0.1	0.577738
0.35	10000	0.8	0.1	0.583478
0.4	100	0.8	0.1	0.544564
0.4	500	0.8	0.1	0.564961
0.4	1000	0.8	0.1	0.570042
0.4	2000	0.8	0.1	0.576849
0.4	5000	0.8	0.1	0.585487
0.4	10000	0.8	0.1	0.593906
0.1	100	0.8	0.2	0.521065
0.1	500	0.8	0.2	0.53456
0.1	1000	0.8	0.2	0.548476
0.1	2000	0.8	0.2	0.554088
0.1	5000	0.8	0.2	0.561696
0.1	10000	0.8	0.2	0.565949
0.15	100	0.8	0.2	0.534996
0.15	500	0.8	0.2	0.55518
0.15	1000	0.8	0.2	0.560333
0.15	2000	0.8	0.2	0.566815
0.15	5000	0.8	0.2	0.574462
0.15	10000	0.8	0.2	0.580228
0.2	100	0.8	0.2	0.549872
0.2	500	0.8	0.2	0.567577
0.2	1000	0.8	0.2	0.572082
0.2	2000	0.8	0.2	0.583251
0.2	5000	0.8	0.2	0.590673
0.2	10000	0.8	0.2	0.595049
0.25	100	0.8	0.2	0.562866
0.25	500	0.8	0.2	0.583375
0.25	1000	0.8	0.2	0.587939
0.25	2000	0.8	0.2	0.593394
0.25	5000	0.8	0.2	0.60361
0.25	10000	0.8	0.2	0.60732
0.3	100	0.8	0.2	0.578223
0.3	500	0.8	0.2	0.596966
0.3	1000	0.8	0.2	0.600269
0.3	2000	0.8	0.2	0.60445
0.3	5000	0.8	0.2	0.612875
0.3	10000	0.8	0.2	0.615245
0.35	100	0.8	0.2	0.597694
0.35	500	0.8	0.2	0.60737
0.35	1000	0.8	0.2	0.615318
0.35	2000	0.8	0.2	0.617915
0.35	5000	0.8	0.2	0.621915
0.35	10000	0.8	0.2	0.62239
0.4	100	0.8	0.2	0.604633
0.4	500	0.8	0.2	0.616687
0.4	1000	0.8	0.2	0.620208
0.4	2000	0.8	0.2	0.62648
0.4	5000	0.8	0.2	0.630101
0.4	10000	0.8	0.2	0.632355
0.1	100	0.8	0.3	0.535799
0.1	500	0.8	0.3	0.555264
0.1	1000	0.8	0.3	0.560921
0.1	2000	0.8	0.3	0.568011
0.1	5000	0.8	0.3	0.576143
0.1	10000	0.8	0.3	0.581131
0.15	100	0.8	0.3	0.557356
0.15	500	0.8	0.3	0.578661
0.15	1000	0.8	0.3	0.585289
0.15	2000	0.8	0.3	0.591972
0.15	5000	0.8	0.3	0.599572
0.15	10000	0.8	0.3	0.603488
0.2	100	0.8	0.3	0.580943
0.2	500	0.8	0.3	0.601274
0.2	1000	0.8	0.3	0.605264
0.2	2000	0.8	0.3	0.610896
0.2	5000	0.8	0.3	0.616723
0.2	10000	0.8	0.3	0.618637
0.25	100	0.8	0.3	0.601641
0.25	500	0.8	0.3	0.616468
0.25	1000	0.8	0.3	0.617857
0.25	2000	0.8	0.3	0.619592
0.25	5000	0.8	0.3	0.628349
0.25	10000	0.8	0.3	0.629315
0.3	100	0.8	0.3	0.611387
0.3	500	0.8	0.3	0.626654
0.3	1000	0.8	0.3	0.632264
0.3	2000	0.8	0.3	0.636761
0.3	5000	0.8	0.3	0.639249
0.3	10000	0.8	0.3	0.644613
0.35	100	0.8	0.3	0.627323
0.35	500	0.8	0.3	0.637861
0.35	1000	0.8	0.3	0.643959
0.35	2000	0.8	0.3	0.646668
0.35	5000	0.8	0.3	0.648067
0.35	10000	0.8	0.3	0.64828
0.4	100	0.8	0.3	0.638358
0.4	500	0.8	0.3	0.64639
0.4	1000	0.8	0.3	0.651157
0.4	2000	0.8	0.3	0.650325
0.4	5000	0.8	0.3	0.650667
0.4	10000	0.8	0.3	0.65301
0.1	100	0.8	0.4	0.551407
0.1	500	0.8	0.4	0.570648
0.1	1000	0.8	0.4	0.575981
0.1	2000	0.8	0.4	0.584717
0.1	5000	0.8	0.4	0.593066
0.1	10000	0.8	0.4	0.5961
0.15	100	0.8	0.4	0.586717
0.15	500	0.8	0.4	0.602438
0.15	1000	0.8	0.4	0.606851
0.15	2000	0.8	0.4	0.61091
0.15	5000	0.8	0.4	0.617029
0.15	10000	0.8	0.4	0.619129
0.2	100	0.8	0.4	0.606421
0.2	500	0.8	0.4	0.617426
0.2	1000	0.8	0.4	0.626025
0.2	2000	0.8	0.4	0.629337
0.2	5000	0.8	0.4	0.631248
0.2	10000	0.8	0.4	0.629882
0.25	100	0.8	0.4	0.623927
0.25	500	0.8	0.4	0.634932
0.25	1000	0.8	0.4	0.643065
0.25	2000	0.8	0.4	0.646896
0.25	5000	0.8	0.4	0.645469
0.25	10000	0.8	0.4	0.646631
0.3	100	0.8	0.4	0.63772
0.3	500	0.8	0.4	0.645958
0.3	1000	0.8	0.4	0.64997
0.3	2000	0.8	0.4	0.649961
0.3	5000	0.8	0.4	0.650956
0.3	10000	0.8	0.4	0.653431
0.35	100	0.8	0.4	0.638263
0.35	500	0.8	0.4	0.649373
0.35	1000	0.8	0.4	0.650828
0.35	2000	0.8	0.4	0.654258
0.35	5000	0.8	0.4	0.650863
0.35	10000	0.8	0.4	0.647888
0.4	100	0.8	0.4	0.640834
0.4	500	0.8	0.4	0.647605
0.4	1000	0.8	0.4	0.649046
0.4	2000	0.8	0.4	0.648972
0.4	5000	0.8	0.4	0.64475
0.4	10000	0.8	0.4	0.642689
0.1	100	0.8	0.5	0.569091
0.1	500	0.8	0.5	0.589345
0.1	1000	0.8	0.5	0.594433
0.1	2000	0.8	0.5	0.600266
0.1	5000	0.8	0.5	0.608321
0.1	10000	0.8	0.5	0.61072
0.15	100	0.8	0.5	0.603917
0.15	500	0.8	0.5	0.61665
0.15	1000	0.8	0.5	0.618695
0.15	2000	0.8	0.5	0.624569
0.15	5000	0.8	0.5	0.629034
0.15	10000	0.8	0.5	0.629494
0.2	100	0.8	0.5	0.624011
0.2	500	0.8	0.5	0.635179
0.2	1000	0.8	0.5	0.643309
0.2	2000	0.8	0.5	0.645873
0.2	5000	0.8	0.5	0.644158
0.2	10000	0.8	0.5	0.6464
0.25	100	0.8	0.5	0.637825
0.25	500	0.8	0.5	0.645005
0.25	1000	0.8	0.5	0.64805
0.25	2000	0.8	0.5	0.649079
0.25	5000	0.8	0.5	0.653185
0.25	10000	0.8	0.5	0.650181
0.3	100	0.8	0.5	0.642218
0.3	500	0.8	0.5	0.648473
0.3	1000	0.8	0.5	0.650171
0.3	2000	0.8	0.5	0.652625
0.3	5000	0.8	0.5	0.647255
0.3	10000	0.8	0.5	0.645471
0.35	100	0.8	0.5	0.635801
0.35	500	0.8	0.5	0.642181
0.35	1000	0.8	0.5	0.642916
0.35	2000	0.8	0.5	0.64278
0.35	5000	0.8	0.5	0.640617
0.35	10000	0.8	0.5	0.638423
0.4	100	0.8	0.5	0.626548
0.4	500	0.8	0.5	0.630112
0.4	1000	0.8	0.5	0.635489
0.4	2000	0.8	0.5	0.634192
0.4	5000	0.8	0.5	0.628153
0.4	10000	0.8	0.5	0.626173
0.1	100	0.8	0.6	0.588456
0.1	500	0.8	0.6	0.604313
0.1	1000	0.8	0.6	0.609411
0.1	2000	0.8	0.6	0.611655
0.1	5000	0.8	0.6	0.617557
0.1	10000	0.8	0.6	0.619743
0.15	100	0.8	0.6	0.621322
0.15	500	0.8	0.6	0.630556
0.15	1000	0.8	0.6	0.634642
0.15	2000	0.8	0.6	0.640961
0.15	5000	0.8	0.6	0.642741
0.15	10000	0.8	0.6	0.646977
0.2	100	0.8	0.6	0.636781
0.2	500	0.8	0.6	0.644111
0.2	1000	0.8	0.6	0.649542
0.2	2000	0.8	0.6	0.648451
0.2	5000	0.8	0.6	0.649186
0.2	10000	0.8	0.6	0.649926
0.25	100	0.8	0.6	0.641533
0.25	500	0.8	0.6	0.648538
0.25	1000	0.8	0.6	0.649381
0.25	2000	0.8	0.6	0.651687
0.25	5000	0.8	0.6	0.646552
0.25	10000	0.8	0.6	0.64381
0.3	100	0.8	0.6	0.634523
0.3	500	0.8	0.6	0.638466
0.3	1000	0.8	0.6	0.641514
0.3	2000	0.8	0.6	0.643044
0.3	5000	0.8	0.6	0.63901
0.3	10000	0.8	0.6	0.636432
0.35	100	0.8	0.6	0.622808
0.35	500	0.8	0.6	0.630978
0.35	1000	0.8	0.6	0.632567
0.35	2000	0.8	0.6	0.6297
0.35	5000	0.8	0.6	0.626581
0.35	10000	0.8	0.6	0.622377
0.4	100	0.8	0.6	0.617181
0.4	500	0.8	0.6	0.621846
0.4	1000	0.8	0.6	0.624197
0.4	2000	0.8	0.6	0.622534
0.4	5000	0.8	0.6	0.620571
0.4	10000	0.8	0.6	0.618845
0.1	100	0.8	0.7	0.599705
0.1	500	0.8	0.7	0.612979
0.1	1000	0.8	0.7	0.617928
0.1	2000	0.8	0.7	0.617929
0.1	5000	0.8	0.7	0.622189
0.1	10000	0.8	0.7	0.622294
0.15	100	0.8	0.7	0.62612
0.15	500	0.8	0.7	0.636026
0.15	1000	0.8	0.7	0.643657
0.15	2000	0.8	0.7	0.645832
0.15	5000	0.8	0.7	0.645392
0.15	10000	0.8	0.7	0.645801
0.2	100	0.8	0.7	0.634962
0.2	500	0.8	0.7	0.648039
0.2	1000	0.8	0.7	0.651466
0.2	2000	0.8	0.7	0.65049
0.2	5000	0.8	0.7	0.649522
0.2	10000	0.8	0.7	0.646757
0.25	100	0.8	0.7	0.636849
0.25	500	0.8	0.7	0.641777
0.25	1000	0.8	0.7	0.642901
0.25	2000	0.8	0.7	0.643237
0.25	5000	0.8	0.7	0.641704
0.25	10000	0.8	0.7	0.638444
0.3	100	0.8	0.7	0.622238
0.3	500	0.8	0.7	0.632662
0.3	1000	0.8	0.7	0.633964
0.3	2000	0.8	0.7	0.632079
0.3	5000	0.8	0.7	0.625994
0.3	10000	0.8	0.7	0.62248
0.35	100	0.8	0.7	0.614506
0.35	500	0.8	0.7	0.619832
0.35	1000	0.8	0.7	0.621798
0.35	2000	0.8	0.7	0.620263
0.35	5000	0.8	0.7	0.618325
0.35	10000	0.8	0.7	0.618326
0.4	100	0.8	0.7	0.602728
0.4	500	0.8	0.7	0.608201
0.4	1000	0.8	0.7	0.609911
0.4	2000	0.8	0.7	0.609614
0.4	5000	0.8	0.7	0.606982
0.4	10000	0.8	0.7	0.602824
0.1	100	0.8	0.8	0.607676
0.1	500	0.8	0.8	0.623006
0.1	1000	0.8	0.8	0.627912
0.1	2000	0.8	0.8	0.627549
0.1	5000	0.8	0.8	0.634595
0.1	10000	0.8	0.8	0.632639
0.15	100	0.8	0.8	0.635717
0.15	500	0.8	0.8	0.642527
0.15	1000	0.8	0.8	0.647834
0.15	2000	0.8	0.8	0.648571
0.15	5000	0.8	0.8	0.648237
0.15	10000	0.8	0.8	0.649965
0.2	100	0.8	0.8	0.638906
0.2	500	0.8	0.8	0.645765
0.2	1000	0.8	0.8	0.645571
0.2	2000	0.8	0.8	0.647496
0.2	5000	0.8	0.8	0.643694
0.2	10000	0.8	0.8	0.645011
0.25	100	0.8	0.8	0.629403
0.25	500	0.8	0.8	0.632949
0.25	1000	0.8	0.8	0.63752
0.25	2000	0.8	0.8	0.634926
0.25	5000	0.8	0.8	0.629383
0.25	10000	0.8	0.8	0.625551
0.3	100	0.8	0.8	0.612117
0.3	500	0.8	0.8	0.621046
0.3	1000	0.8	0.8	0.623495
0.3	2000	0.8	0.8	0.62345
0.3	5000	0.8	0.8	0.621553
0.3	10000	0.8	0.8	0.61969
0.35	100	0.8	0.8	0.602526
0.35	500	0.8	0.8	0.607993
0.35	1000	0.8	0.8	0.610775
0.35	2000	0.8	0.8	0.609936
0.35	5000	0.8	0.8	0.607573
0.35	10000	0.8	0.8	0.603342
0.4	100	0.8	0.8	0.590171
0.4	500	0.8	0.8	0.59553
0.4	1000	0.8	0.8	0.594919
0.4	2000	0.8	0.8	0.592387
0.4	5000	0.8	0.8	0.589886
0.4	10000	0.8	0.8	0.581083
0.1	100	0.8	0.9	0.621314
0.1	500	0.8	0.9	0.631797
0.1	1000	0.8	0.9	0.634953
0.1	2000	0.8	0.9	0.640776
0.1	5000	0.8	0.9	0.637653
0.1	10000	0.8	0.9	0.645897
0.15	100	0.8	0.9	0.63592
0.15	500	0.8	0.9	0.643481
0.15	1000	0.8	0.9	0.652349
0.15	2000	0.8	0.9	0.650628
0.15	5000	0.8	0.9	0.650199
0.15	10000	0.8	0.9	0.646105
0.2	100	0.8	0.9	0.635375
0.2	500	0.8	0.9	0.640076
0.2	1000	0.8	0.9	0.64122
0.2	2000	0.8	0.9	0.641816
0.2	5000	0.8	0.9	0.638285
0.2	10000	0.8	0.9	0.63558
0.25	100	0.8	0.9	0.616642
0.25	500	0.8	0.9	0.624478
0.25	1000	0.8	0.9	0.625972
0.25	2000	0.8	0.9	0.623801
0.25	5000	0.8	0.9	0.620717
0.25	10000	0.8	0.9	0.618486
0.3	100	0.8	0.9	0.60462
0.3	500	0.8	0.9	0.611804
0.3	1000	0.8	0.9	0.615046
0.3	2000	0.8	0.9	0.614295
0.3	5000	0.8	0.9	0.612061
0.3	10000	0.8	0.9	0.607966
0.35	100	0.8	0.9	0.591996
0.35	500	0.8	0.9	0.597816
0.35	1000	0.8	0.9	0.596675
0.35	2000	0.8	0.9	0.59664
0.35	5000	0.8	0.9	0.592848
0.35	10000	0.8	0.9	0.583685
0.4	100	0.8	0.9	0.567752
0.4	500	0.8	0.9	0.579841
0.4	1000	0.8	0.9	0.578812
0.4	2000	0.8	0.9	0.577316
0.4	5000	0.8	0.9	0.564449
0.4	10000	0.8	0.9	0.559906
0.1	100	0.9	0.1	0.523124
0.1	500	0.9	0.1	0.538015
0.1	1000	0.9	0.1	0.543105
0.1	2000	0.9	0.1	0.54855
0.1	5000	0.9	0.1	0.552922
0.1	10000	0.9	0.1	0.555526
0.15	100	0.9	0.1	0.535476
0.15	500	0.9	0.1	0.547299
0.15	1000	0.9	0.1	0.551504
0.15	2000	0.9	0.1	0.55618
0.15	5000	0.9	0.1	0.562996
0.15	10000	0.9	0.1	0.565232
0.2	100	0.9	0.1	0.542868
0.2	500	0.9	0.1	0.553858
0.2	1000	0.9	0.1	0.557762
0.2	2000	0.9	0.1	0.563527
0.2	5000	0.9	0.1	0.568884
0.2	10000	0.9	0.1	0.571531
0.25	100	0.9	0.1	0.548978
0.25	500	0.9	0.1	0.559469
0.25	1000	0.9	0.1	0.563847
0.25	2000	0.9	0.1	0.569936
0.25	5000	0.9	0.1	0.57647
0.25	10000	0.9	0.1	0.58033
0.3	100	0.9	0.1	0.55641
0.3	500	0.9	0.1	0.565805
0.3	1000	0.9	0.1	0.571633
0.3	2000	0.9	0.1	0.577981
0.3	5000	0.9	0.1	0.587121
0.3	10000	0.9	0.1	0.589494
0.35	100	0.9	0.1	0.563447
0.35	500	0.9	0.1	0.575034
0.35	1000	0.9	0.1	0.581365
0.35	2000	0.9	0.1	0.587358
0.35	5000	0.9	0.1	0.59152
0.35	10000	0.9	0.1	0.593938
0.4	100	0.9	0.1	0.570405
0.4	500	0.9	0.1	0.582653
0.4	1000	0.9	0.1	0.587089
0.4	2000	0.9	0.1	0.593339
0.4	5000	0.9	0.1	0.599719
0.4	10000	0.9	0.1	0.5996
0.1	100	0.9	0.2	0.54386
0.1	500	0.9	0.2	0.55568
0.1	1000	0.9	0.2	0.559302
0.1	2000	0.9	0.2	0.565014
0.1	5000	0.9	0.2	0.570993
0.1	10000	0.9	0.2	0.573154
0.15	100	0.9	0.2	0.558327
0.15	500	0.9	0.2	0.56831
0.15	1000	0.9	0.2	0.575949
0.15	2000	0.9	0.2	0.582858
0.15	5000	0.9	0.2	0.588495
0.15	10000	0.9	0.2	0.589289
0.2	100	0.9	0.2	0.572907
0.2	500	0.9	0.2	0.585271
0.2	1000	0.9	0.2	0.591357
0.2	2000	0.9	0.2	0.596165
0.2	5000	0.9	0.2	0.601039
0.2	10000	0.9	0.2	0.602331
0.25	100	0.9	0.2	0.58998
0.25	500	0.9	0.2	0.595219
0.25	1000	0.9	0.2	0.601499
0.25	2000	0.9	0.2	0.605141
0.25	5000	0.9	0.2	0.606673
0.25	10000	0.9	0.2	0.608188
0.3	100	0.9	0.2	0.60354
0.3	500	0.9	0.2	0.608373
0.3	1000	0.9	0.2	0.610917
0.3	2000	0.9	0.2	0.614071
0.3	5000	0.9	0.2	0.613857
0.3	10000	0.9	0.2	0.616874
0.35	100	0.9	0.2	0.612586
0.35	500	0.9	0.2	0.616525
0.35	1000	0.9	0.2	0.624138
0.35	2000	0.9	0.2	0.62611
0.35	5000	0.9	0.2	0.627726
0.35	10000	0.9	0.2	0.631809
0.4	100	0.9	0.2	0.621369
0.4	500	0.9	0.2	0.629679
0.4	1000	0.9	0.2	0.636476
0.4	2000	0.9	0.2	0.641094
0.4	5000	0.9	0.2	0.638936
0.4	10000	0.9	0.2	0.640728
0.1	100	0.9	0.3	0.559225
0.1	500	0.9	0.3	0.571355
0.1	1000	0.9	0.3	0.577027
0.1	2000	0.9	0.3	0.58389
0.1	5000	0.9	0.3	0.588576
0.1	10000	0.9	0.3	0.589349
0.15	100	0.9	0.3	0.585654
0.15	500	0.9	0.3	0.591024
0.15	1000	0.9	0.3	0.598331
0.15	2000	0.9	0.3	0.601102
0.15	5000	0.9	0.3	0.604228
0.15	10000	0.9	0.3	0.604383
0.2	100	0.9	0.3	0.606799
0.2	500	0.9	0.3	0.612529
0.2	1000	0.9	0.3	0.61384
0.2	2000	0.9	0.3	0.617545
0.2	5000	0.9	0.3	0.616094
0.2	10000	0.9	0.3	0.620078
0.25	100	0.9	0.3	0.619443
0.25	500	0.9	0.3	0.624006
0.25	1000	0.9	0.3	0.627733
0.25	2000	0.9	0.3	0.628851
0.25	5000	0.9	0.3	0.638746
0.25	10000	0.9	0.3	0.637956
0.3	100	0.9	0.3	0.633881
0.3	500	0.9	0.3	0.640314
0.3	1000	0.9	0.3	0.644401
0.3	2000	0.9	0.3	0.645101
0.3	5000	0.9	0.3	0.642367
0.3	10000	0.9	0.3	0.645495
0.35	100	0.9	0.3	0.646055
0.35	500	0.9	0.3	0.649738
0.35	1000	0.9	0.3	0.651902
0.35	2000	0.9	0.3	0.651736
0.35	5000	0.9	0.3	0.649407
0.35	10000	0.9	0.3	0.647686
0.4	100	0.9	0.3	0.642072
0.4	500	0.9	0.3	0.64693
0.4	1000	0.9	0.3	0.651185
0.4	2000	0.9	0.3	0.651814
0.4	5000	0.9	0.3	0.647969
0.4	10000	0.9	0.3	0.646406
0.1	100	0.9	0.4	0.575566
0.1	500	0.9	0.4	0.587266
0.1	1000	0.9	0.4	0.593313
0.1	2000	0.9	0.4	0.598397
0.1	5000	0.9	0.4	0.600907
0.1	10000	0.9	0.4	0.601439
0.15	100	0.9	0.4	0.607014
0.15	500	0.9	0.4	0.611453
0.15	1000	0.9	0.4	0.614487
0.15	2000	0.9	0.4	0.615013
0.15	5000	0.9	0.4	0.615573
0.15	10000	0.9	0.4	0.619055
0.2	100	0.9	0.4	0.621196
0.2	500	0.9	0.4	0.628232
0.2	1000	0.9	0.4	0.636035
0.2	2000	0.9	0.4	0.637376
0.2	5000	0.9	0.4	0.639193
0.2	10000	0.9	0.4	0.639329
0.25	100	0.9	0.4	0.640162
0.25	500	0.9	0.4	0.650189
0.25	1000	0.9	0.4	0.651829
0.25	2000	0.9	0.4	0.653462
0.25	5000	0.9	0.4	0.648335
0.25	10000	0.9	0.4	0.647207
0.3	100	0.9	0.4	0.641289
0.3	500	0.9	0.4	0.646298
0.3	1000	0.9	0.4	0.651695
0.3	2000	0.9	0.4	0.650654
0.3	5000	0.9	0.4	0.64822
0.3	10000	0.9	0.4	0.646183
0.35	100	0.9	0.4	0.637819
0.35	500	0.9	0.4	0.643273
0.35	1000	0.9	0.4	0.645959
0.35	2000	0.9	0.4	0.645194
0.35	5000	0.9	0.4	0.642675
0.35	10000	0.9	0.4	0.63945
0.4	100	0.9	0.4	0.633153
0.4	500	0.9	0.4	0.638163
0.4	1000	0.9	0.4	0.637639
0.4	2000	0.9	0.4	0.635171
0.4	5000	0.9	0.4	0.633095
0.4	10000	0.9	0.4	0.630123
0.1	100	0.9	0.5	0.594504
0.1	500	0.9	0.5	0.600727
0.1	1000	0.9	0.5	0.60605
0.1	2000	0.9	0.5	0.608511
0.1	5000	0.9	0.5	0.610755
0.1	10000	0.9	0.5	0.611141
0.15	100	0.9	0.5	0.619593
0.15	500	0.9	0.5	0.625586
0.15	1000	0.9	0.5	0.628268
0.15	2000	0.9	0.5	0.628296
0.15	5000	0.9	0.5	0.632529
0.15	10000	0.9	0.5	0.638236
0.2	100	0.9	0.5	0.640958
0.2	500	0.9	0.5	0.65134
0.2	1000	0.9	0.5	0.65269
0.2	2000	0.9	0.5	0.655013
0.2	5000	0.9	0.5	0.649887
0.2	10000	0.9	0.5	0.648179
0.25	100	0.9	0.5	0.640034
0.25	500	0.9	0.5	0.647552
0.25	1000	0.9	0.5	0.650332
0.25	2000	0.9	0.5	0.648574
0.25	5000	0.9	0.5	0.646989
0.25	10000	0.9	0.5	0.643944
0.3	100	0.9	0.5	0.635334
0.3	500	0.9	0.5	0.640697
0.3	1000	0.9	0.5	0.641017
0.3	2000	0.9	0.5	0.640201
0.3	5000	0.9	0.5	0.6365
0.3	10000	0.9	0.5	0.633076
0.35	100	0.9	0.5	0.627476
0.35	500	0.9	0.5	0.630739
0.35	1000	0.9	0.5	0.629364
0.35	2000	0.9	0.5	0.62708
0.35	5000	0.9	0.5	0.625869
0.35	10000	0.9	0.5	0.623293
0.4	100	0.9	0.5	0.616865
0.4	500	0.9	0.5	0.618575
0.4	1000	0.9	0.5	0.617549
0.4	2000	0.9	0.5	0.616947
0.4	5000	0.9	0.5	0.615795
0.4	10000	0.9	0.5	0.614181
0.1	100	0.9	0.6	0.607785
0.1	500	0.9	0.6	0.610686
0.1	1000	0.9	0.6	0.613198
0.1	2000	0.9	0.6	0.61475
0.1	5000	0.9	0.6	0.616054
0.1	10000	0.9	0.6	0.618248
0.15	100	0.9	0.6	0.632049
0.15	500	0.9	0.6	0.642661
0.15	1000	0.9	0.6	0.644799
0.15	2000	0.9	0.6	0.645423
0.15	5000	0.9	0.6	0.642622
0.15	10000	0.9	0.6	0.647968
0.2	100	0.9	0.6	0.642831
0.2	500	0.9	0.6	0.645898
0.2	1000	0.9	0.6	0.649596
0.2	2000	0.9	0.6	0.64873
0.2	5000	0.9	0.6	0.648177
0.2	10000	0.9	0.6	0.644135
0.25	100	0.9	0.6	0.634246
0.25	500	0.9	0.6	0.640486
0.25	1000	0.9	0.6	0.64213
0.25	2000	0.9	0.6	0.641631
0.25	5000	0.9	0.6	0.636387
0.25	10000	0.9	0.6	0.634629
0.3	100	0.9	0.6	0.623395
0.3	500	0.9	0.6	0.628266
0.3	1000	0.9	0.6	0.628119
0.3	2000	0.9	0.6	0.625411
0.3	5000	0.9	0.6	0.623549
0.3	10000	0.9	0.6	0.621036
0.35	100	0.9	0.6	0.613774
0.35	500	0.9	0.6	0.61542
0.35	1000	0.9	0.6	0.615566
0.35	2000	0.9	0.6	0.614744
0.35	5000	0.9	0.6	0.614372
0.35	10000	0.9	0.6	0.612601
0.4	100	0.9	0.6	0.607495
0.4	500	0.9	0.6	0.610199
0.4	1000	0.9	0.6	0.610631
0.4	2000	0.9	0.6	0.609806
0.4	5000	0.9	0.6	0.60835
0.4	10000	0.9	0.6	0.606485
0.1	100	0.9	0.7	0.616946
0.1	500	0.9	0.7	0.62252
0.1	1000	0.9	0.7	0.624217
0.1	2000	0.9	0.7	0.624405
0.1	5000	0.9	0.7	0.630139
0.1	10000	0.9	0.7	0.629399
0.15	100	0.9	0.7	0.638214
0.15	500	0.9	0.7	0.648023
0.15	1000	0.9	0.7	0.651773
0.15	2000	0.9	0.7	0.652036
0.15	5000	0.9	0.7	0.650833
0.15	10000	0.9	0.7	0.649456
0.2	100	0.9	0.7	0.637557
0.2	500	0.9	0.7	0.642078
0.2	1000	0.9	0.7	0.642626
0.2	2000	0.9	0.7	0.64346
0.2	5000	0.9	0.7	0.64118
0.2	10000	0.9	0.7	0.638046
0.25	100	0.9	0.7	0.626964
0.25	500	0.9	0.7	0.630684
0.25	1000	0.9	0.7	0.630383
0.25	2000	0.9	0.7	0.628557
0.25	5000	0.9	0.7	0.626437
0.25	10000	0.9	0.7	0.624776
0.3	100	0.9	0.7	0.613595
0.3	500	0.9	0.7	0.61552
0.3	1000	0.9	0.7	0.615923
0.3	2000	0.9	0.7	0.615009
0.3	5000	0.9	0.7	0.614177
0.3	10000	0.9	0.7	0.612866
0.35	100	0.9	0.7	0.607041
0.35	500	0.9	0.7	0.608765
0.35	1000	0.9	0.7	0.60873
0.35	2000	0.9	0.7	0.608221
0.35	5000	0.9	0.7	0.606626
0.35	10000	0.9	0.7	0.607277
0.4	100	0.9	0.7	0.593675
0.4	500	0.9	0.7	0.597344
0.4	1000	0.9	0.7	0.59641
0.4	2000	0.9	0.7	0.595614
0.4	5000	0.9	0.7	0.587911
0.4	10000	0.9	0.7	0.587663
0.1	100	0.9	0.8	0.624663
0.1	500	0.9	0.8	0.630443
0.1	1000	0.9	0.8	0.636584
0.1	2000	0.9	0.8	0.638894
0.1	5000	0.9	0.8	0.643173
0.1	10000	0.9	0.8	0.641941
0.15	100	0.9	0.8	0.641232
0.15	500	0.9	0.8	0.644822
0.15	1000	0.9	0.8	0.649053
0.15	2000	0.9	0.8	0.648193
0.15	5000	0.9	0.8	0.646763
0.15	10000	0.9	0.8	0.643312
0.2	100	0.9	0.8	0.632963
0.2	500	0.9	0.8	0.637678
0.2	1000	0.9	0.8	0.639267
0.2	2000	0.9	0.8	0.637884
0.2	5000	0.9	0.8	0.635096
0.2	10000	0.9	0.8	0.630757
0.25	100	0.9	0.8	0.616811
0.25	500	0.9	0.8	0.620707
0.25	1000	0.9	0.8	0.620037
0.25	2000	0.9	0.8	0.617681
0.25	5000	0.9	0.8	0.616061
0.25	10000	0.9	0.8	0.614692
0.3	100	0.9	0.8	0.602405
0.3	500	0.9	0.8	0.610187
0.3	1000	0.9	0.8	0.61007
0.3	2000	0.9	0.8	0.610188
0.3	5000	0.9	0.8	0.609311
0.3	10000	0.9	0.8	0.607127
0.35	100	0.9	0.8	0.594425
0.35	500	0.9	0.8	0.598214
0.35	1000	0.9	0.8	0.596747
0.35	2000	0.9	0.8	0.5961
0.35	5000	0.9	0.8	0.588725
0.35	10000	0.9	0.8	0.589014
0.4	100	0.9	0.8	0.580999
0.4	500	0.9	0.8	0.581619
0.4	1000	0.9	0.8	0.575084
0.4	2000	0.9	0.8	0.573873
0.4	5000	0.9	0.8	0.572691
0.4	10000	0.9	0.8	0.570663
0.1	100	0.9	0.9	0.631604
0.1	500	0.9	0.9	0.642673
0.1	1000	0.9	0.9	0.646872
0.1	2000	0.9	0.9	0.646495
0.1	5000	0.9	0.9	0.642619
0.1	10000	0.9	0.9	0.648107
0.15	100	0.9	0.9	0.638735
0.15	500	0.9	0.9	0.643898
0.15	1000	0.9	0.9	0.64577
0.15	2000	0.9	0.9	0.644205
0.15	5000	0.9	0.9	0.642264
0.15	10000	0.9	0.9	0.639826
0.2	100	0.9	0.9	0.623935
0.2	500	0.9	0.9	0.628264
0.2	1000	0.9	0.9	0.626821
0.2	2000	0.9	0.9	0.625398
0.2	5000	0.9	0.9	0.62336
0.2	10000	0.9	0.9	0.621019
0.25	100	0.9	0.9	0.608457
0.25	500	0.9	0.9	0.611065
0.25	1000	0.9	0.9	0.611194
0.25	2000	0.9	0.9	0.6117
0.25	5000	0.9	0.9	0.610266
0.25	10000	0.9	0.9	0.607532
0.3	100	0.9	0.9	0.598742
0.3	500	0.9	0.9	0.602493
0.3	1000	0.9	0.9	0.602106
0.3	2000	0.9	0.9	0.601219
0.3	5000	0.9	0.9	0.599757
0.3	10000	0.9	0.9	0.592116
0.35	100	0.9	0.9	0.584031
0.35	500	0.9	0.9	0.585838
0.35	1000	0.9	0.9	0.584796
0.35	2000	0.9	0.9	0.576896
0.35	5000	0.9	0.9	0.575892
0.35	10000	0.9	0.9	0.573312
0.4	100	0.9	0.9	0.558052
0.4	500	0.9	0.9	0.55977
0.4	1000	0.9	0.9	0.558583
0.4	2000	0.9	0.9	0.557529
0.4	5000	0.9	0.9	0.55182
0.4	10000	0.9	0.9	0.551031
